Theta	Offset	RA-SDSS	DEC-SDSS	PosErr-SDSS	RA-Galaxies	DEC-Galaxies	PosErr-Galaxies
 0.0	0.00	  151.463300	   12.961302	  6.00	  151.463300	   12.961300	  6.00
 0.0	0.00	  211.293310	   11.771370	  6.00	  211.293310	   11.771370	  6.00
 0.0	0.00	  222.177390	   12.457215	  6.00	  222.177390	   12.457220	  6.00
 0.0	0.00	  149.263520	   15.578267	  6.00	  149.263520	   15.578270	  6.00
 0.1	0.01	  143.774180	    9.649227	  6.00	  143.774180	    9.649200	  6.00
 0.0	0.00	  146.372370	    9.602897	  6.00	  146.372370	    9.602897	  6.00
 0.1	0.01	  145.874190	    9.420788	  6.00	  145.874190	    9.420770	  6.00
 0.0	0.00	  146.689910	    9.264365	  6.00	  146.689900	    9.264370	  6.00
 0.0	0.00	  233.743920	   11.750287	  6.00	  233.743920	   11.750290	  6.00
 0.0	0.00	  240.074260	   15.756570	  6.00	  240.074260	   15.756570	  6.00
 0.0	0.00	  237.135830	    8.587928	  6.00	  237.135830	    8.587930	  6.00
 0.0	0.00	  242.398710	    8.956702	  6.00	  242.398710	    8.956700	  6.00
 0.0	0.00	  233.846720	   12.047599	  6.00	  233.846720	   12.047600	  6.00
 0.0	0.00	  212.672290	   13.557996	  6.00	  212.672290	   13.558000	  6.00
 0.1	0.01	  172.100050	    9.407597	  6.00	  172.100050	    9.407630	  6.00
 0.0	0.00	  177.467180	    6.667742	  6.00	  177.467180	    6.667740	  6.00
 0.0	0.00	  150.188370	    4.734323	  6.00	  150.188370	    4.734320	  6.00
 0.0	0.00	  241.117430	   14.782429	  6.00	  241.117430	   14.782430	  6.00
 0.0	0.00	  237.445590	   12.399336	  6.00	  237.445590	   12.399340	  6.00
 0.0	0.00	  120.481190	   11.720343	  6.00	  120.481190	   11.720340	  6.00
 0.0	0.00	  239.533240	   12.070290	  6.00	  239.533240	   12.070290	  6.00
 0.0	0.00	  138.671300	   15.461958	  6.00	  138.671300	   15.461960	  6.00
 0.0	0.00	  119.917160	   15.386817	  6.00	  119.917160	   15.386820	  6.00
 0.0	0.00	  217.242630	   13.861881	  6.00	  217.242630	   13.861880	  6.00
 0.0	0.00	  143.442050	   10.152503	  6.00	  143.442050	   10.152503	  6.00
 0.0	0.00	  243.236910	    9.867108	  6.00	  243.236910	    9.867110	  6.00
 0.0	0.00	  141.447210	   11.424577	  6.00	  141.447210	   11.424580	  6.00
 0.0	0.00	  235.816780	    9.723961	  6.00	  235.816780	    9.723960	  6.00
 0.0	0.00	  161.645640	   13.750859	  6.00	  161.645640	   13.750859	  6.00
 0.0	0.00	  213.709890	   15.146890	  6.00	  213.709890	   15.146890	  6.00
 0.0	0.00	  168.654150	   12.817670	  6.00	  168.654150	   12.817670	  6.00
 0.0	0.00	  120.168920	   12.063836	  6.00	  120.168920	   12.063836	  6.00
 0.0	0.00	  242.066990	   10.108685	  6.00	  242.066990	   10.108685	  6.00
 0.0	0.00	  170.070890	   13.589687	  6.00	  170.070890	   13.589687	  6.00
 0.1	0.01	  148.825280	    4.270014	  6.00	  148.825260	    4.270020	  6.00
 0.0	0.01	  134.954370	    5.060853	  6.00	  134.954360	    5.060860	  6.00
 0.0	0.00	  218.288380	   10.510806	  6.00	  218.288380	   10.510810	  6.00
 0.0	0.00	  120.493720	   15.058754	  6.00	  120.493720	   15.058750	  6.00
 2.2	0.26	  210.060410	    8.967057	  6.00	  210.060830	    8.967500	  6.00
 0.0	0.00	  120.414490	   10.732722	  6.00	  120.414490	   10.732720	  6.00
 0.8	0.09	  213.614140	   15.611756	  6.00	  213.613920	   15.611780	  6.00
 0.0	0.00	  139.669270	   13.829488	  6.00	  139.669270	   13.829490	  6.00
 0.0	0.00	  175.415560	   15.965716	  6.00	  175.415560	   15.965720	  6.00
 0.0	0.00	  211.149840	   15.472788	  6.00	  211.149840	   15.472788	  6.00
 0.0	0.00	  232.503480	   12.989325	  6.00	  232.503480	   12.989325	  6.00
 0.0	0.00	  147.003310	    9.970959	  6.00	  147.003300	    9.970960	  6.00
 0.1	0.01	  176.474020	    9.899755	  6.00	  176.474030	    9.899780	  6.00
 0.0	0.00	  161.290970	   15.449847	  6.00	  161.290970	   15.449847	  6.00
 0.0	0.00	  165.320610	    6.072720	  6.00	  165.320610	    6.072730	  6.00
 0.0	0.00	  130.896360	   13.062973	  6.00	  130.896360	   13.062973	  6.00
 0.3	0.03	  169.536340	    4.616186	  6.00	  169.536370	    4.616110	  6.00
 0.0	0.00	  225.570090	    6.344872	  6.00	  225.570090	    6.344870	  6.00
 0.0	0.01	  217.968670	    8.933013	  6.00	  217.968670	    8.933000	  6.00
 0.0	0.00	  144.258510	    9.102689	  6.00	  144.258510	    9.102690	  6.00
 0.1	0.01	  218.389770	   12.783690	  6.00	  218.389750	   12.783690	  6.00
 0.1	0.01	  140.248400	   11.059226	  6.00	  140.248420	   11.059220	  6.00
 0.0	0.00	  127.714400	   12.501063	  6.00	  127.714400	   12.501063	  6.00
 0.1	0.01	  242.071940	    7.538508	  6.00	  242.071960	    7.538500	  6.00
 0.0	0.00	  159.347330	   12.156560	  6.00	  159.347330	   12.156560	  6.00
 0.0	0.00	  174.969370	    8.325420	  6.00	  174.969370	    8.325420	  6.00
 0.0	0.00	  211.203560	   11.698593	  6.00	  211.203560	   11.698593	  6.00
 0.0	0.00	  131.091240	    9.537285	  6.00	  131.091240	    9.537280	  6.00
 0.1	0.02	  143.781180	    5.120050	  6.00	  143.781150	    5.120070	  6.00
 0.0	0.00	  209.324370	    6.182235	  6.00	  209.324370	    6.182230	  6.00
 2.3	0.27	  130.645630	   10.584843	  6.00	  130.646210	   10.585110	  6.00
 0.0	0.00	  161.922830	   11.077074	  6.00	  161.922830	   11.077074	  6.00
 0.0	0.00	  153.554430	   15.861728	  6.00	  153.554430	   15.861728	  6.00
 0.0	0.00	  225.057070	    9.937757	  6.00	  225.057070	    9.937760	  6.00
 0.0	0.00	  146.910840	    4.821664	  6.00	  146.910830	    4.821670	  6.00
 0.0	0.00	  150.764420	   10.745951	  6.00	  150.764420	   10.745950	  6.00
 0.0	0.00	  241.687670	   11.888058	  6.00	  241.687670	   11.888060	  6.00
 0.0	0.00	  120.228580	   13.396769	  6.00	  120.228580	   13.396780	  6.00
 0.0	0.00	  176.664140	   14.560416	  6.00	  176.664140	   14.560420	  6.00
 0.1	0.01	  180.391630	    4.466486	  6.00	  180.391610	    4.466490	  6.00
 0.1	0.01	  131.551900	    7.267075	  6.00	  131.551910	    7.267060	  6.00
 0.0	0.00	  144.589050	    9.895463	  6.00	  144.589050	    9.895460	  6.00
 0.0	0.00	  157.444950	   13.018173	  6.00	  157.444960	   13.018170	  6.00
 0.0	0.00	  233.694120	   12.447246	  6.00	  233.694120	   12.447246	  6.00
 0.0	0.00	  177.378000	   12.677094	  6.00	  177.378000	   12.677094	  6.00
 0.0	0.00	  119.375250	   15.699568	  6.00	  119.375250	   15.699570	  6.00
 0.5	0.06	  170.030490	    7.335865	  6.00	  170.030440	    7.335730	  6.00
 0.8	0.09	  198.072540	   12.868475	  6.00	  198.072720	   12.868350	  6.00
 1.3	0.16	  236.606800	    4.427430	  6.00	  236.606500	    4.427640	  6.00
 0.0	0.00	  211.364550	   12.231841	  6.00	  211.364550	   12.231840	  6.00
 0.0	0.00	  159.127590	    5.017324	  6.00	  159.127590	    5.017330	  6.00
 0.0	0.00	  123.715050	    6.174746	  6.00	  123.715050	    6.174740	  6.00
 0.0	0.00	  151.777150	   12.897600	  6.00	  151.777150	   12.897600	  6.00
 0.1	0.01	  146.964870	    8.835375	  6.00	  146.964870	    8.835390	  6.00
 0.0	0.00	  162.035580	   14.854573	  6.00	  162.035580	   14.854580	  6.00
 0.0	0.00	  239.853350	   10.461566	  6.00	  239.853350	   10.461566	  6.00
 0.0	0.00	  162.833060	   14.023437	  6.00	  162.833060	   14.023440	  6.00
 0.0	0.00	  161.339390	   13.714204	  6.00	  161.339390	   13.714204	  6.00
 0.1	0.01	  151.245310	    5.364658	  6.00	  151.245290	    5.364670	  6.00
 0.0	0.00	  131.824580	   10.042658	  6.00	  131.824580	   10.042658	  6.00
 0.0	0.00	  222.594310	   11.403915	  6.00	  222.594310	   11.403920	  6.00
 0.0	0.00	  208.581340	    5.754522	  6.00	  208.581340	    5.754522	  6.00
 0.0	0.00	  221.868500	   12.764994	  6.00	  221.868500	   12.764990	  6.00
 0.0	0.00	  144.999040	   10.457276	  6.00	  144.999040	   10.457280	  6.00
 0.0	0.00	  132.484430	   10.719072	  6.00	  132.484430	   10.719072	  6.00
 0.5	0.06	  151.545150	   11.100456	  6.00	  151.545080	   11.100580	  6.00
 0.0	0.00	  202.987240	   13.517113	  6.00	  202.987240	   13.517110	  6.00
 0.1	0.01	  217.934030	    6.158152	  6.00	  217.934040	    6.158140	  6.00
 0.0	0.00	  164.898470	   14.735499	  6.00	  164.898470	   14.735500	  6.00
 0.0	0.00	  167.727140	    9.621829	  6.00	  167.727140	    9.621829	  6.00
 0.0	0.00	  146.482860	    5.049546	  6.00	  146.482850	    5.049550	  6.00
 0.0	0.00	  222.909490	    9.061211	  6.00	  222.909490	    9.061211	  6.00
 0.1	0.01	  213.300200	   13.975878	  6.00	  213.300210	   13.975890	  6.00
 0.0	0.00	  213.347920	   13.078885	  6.00	  213.347920	   13.078890	  6.00
 0.0	0.00	  138.956090	    9.647359	  6.00	  138.956080	    9.647360	  6.00
 0.0	0.00	  220.875110	    7.786796	  6.00	  220.875110	    7.786800	  6.00
 0.0	0.00	  210.624250	   10.708100	  6.00	  210.624250	   10.708100	  6.00
 0.1	0.01	  165.154690	    4.065302	  6.00	  165.154670	    4.065310	  6.00
 0.1	0.01	  169.100570	    5.731327	  6.00	  169.100550	    5.731320	  6.00
 0.0	0.00	  161.129210	   13.711198	  6.00	  161.129210	   13.711200	  6.00
 0.0	0.00	  236.612950	    8.656906	  6.00	  236.612950	    8.656910	  6.00
 0.0	0.00	  177.770070	    5.246204	  6.00	  177.770080	    5.246210	  6.00
 0.0	0.00	  216.933640	   13.441846	  6.00	  216.933640	   13.441846	  6.00
 0.0	0.00	  207.094830	    8.211609	  6.00	  207.094830	    8.211610	  6.00
 0.1	0.01	  170.347610	    6.667120	  6.00	  170.347620	    6.667110	  6.00
 0.1	0.01	  165.079720	    6.241577	  6.00	  165.079710	    6.241560	  6.00
 0.0	0.00	  223.226160	   13.300253	  6.00	  223.226160	   13.300253	  6.00
 0.0	0.00	  169.338180	   15.954064	  6.00	  169.338180	   15.954064	  6.00
 0.0	0.00	  210.823990	   10.061209	  6.00	  210.823990	   10.061210	  6.00
 0.0	0.00	  173.575680	   15.595950	  6.00	  173.575680	   15.595950	  6.00
 0.0	0.00	  208.059150	    8.923884	  6.00	  208.059150	    8.923880	  6.00
 0.0	0.00	  218.220100	    5.999063	  6.00	  218.220100	    5.999060	  6.00
 0.2	0.02	  194.237890	    4.064887	  6.00	  194.237880	    4.064830	  6.00
 0.0	0.00	  211.228080	   12.704690	  6.00	  211.228080	   12.704690	  6.00
 0.0	0.00	  129.601360	   14.055668	  6.00	  129.601360	   14.055668	  6.00
 0.4	0.05	  170.685380	   13.345386	  6.00	  170.685470	   13.345310	  6.00
 0.0	0.00	  138.124770	   12.586585	  6.00	  138.124770	   12.586585	  6.00
 3.9	0.46	  157.200410	    4.233660	  6.00	  157.200300	    4.234750	  6.00
 0.0	0.00	  149.049900	   15.700877	  6.00	  149.049900	   15.700877	  6.00
 0.0	0.00	  206.344000	   11.369717	  6.00	  206.344000	   11.369720	  6.00
 0.1	0.01	  197.448850	    4.249889	  6.00	  197.448870	    4.249880	  6.00
 0.0	0.00	  178.433400	    7.792419	  6.00	  178.433400	    7.792420	  6.00
 0.2	0.02	  135.750300	    5.806526	  6.00	  135.750270	    5.806560	  6.00
 0.1	0.01	  175.461020	   15.973749	  6.00	  175.461000	   15.973750	  6.00
 0.0	0.00	  231.483700	   11.410364	  6.00	  231.483700	   11.410364	  6.00
 0.1	0.01	  145.474600	   11.654520	  6.00	  145.474580	   11.654530	  6.00
 0.0	0.00	  119.614760	   11.027424	  6.00	  119.614760	   11.027424	  6.00
 0.0	0.00	  171.534570	    4.062364	  6.00	  171.534580	    4.062360	  6.00
 0.0	0.00	  243.532910	   10.732959	  6.00	  243.532910	   10.732959	  6.00
 0.2	0.03	  168.219550	    7.921958	  6.00	  168.219590	    7.921910	  6.00
 0.0	0.00	  220.329930	    7.792996	  6.00	  220.329930	    7.792996	  6.00
 0.0	0.00	  171.795560	    8.731027	  6.00	  171.795560	    8.731027	  6.00
 0.0	0.00	  199.149080	   12.152398	  6.00	  199.149080	   12.152400	  6.00
 0.0	0.00	  128.212590	   14.291823	  6.00	  128.212590	   14.291823	  6.00
 0.0	0.00	  160.271220	    6.414888	  6.00	  160.271210	    6.414890	  6.00
 0.1	0.02	  167.284140	    4.060022	  6.00	  167.284170	    4.060000	  6.00
 0.0	0.00	  165.640580	    7.135263	  6.00	  165.640580	    7.135260	  6.00
 0.0	0.00	  148.481170	    7.046565	  6.00	  148.481170	    7.046560	  6.00
 0.0	0.00	  212.194850	    4.909785	  6.00	  212.194850	    4.909785	  6.00
 0.1	0.01	  176.017250	    5.234108	  6.00	  176.017270	    5.234110	  6.00
 1.0	0.11	  129.171390	    5.273585	  6.00	  129.171460	    5.273330	  6.00
 0.0	0.00	  132.011960	   13.086204	  6.00	  132.011960	   13.086204	  6.00
 0.0	0.00	  198.243140	   12.477980	  6.00	  198.243140	   12.477980	  6.00
 0.0	0.00	  138.872270	   11.773761	  6.00	  138.872270	   11.773761	  6.00
 0.0	0.00	  233.689350	    8.156912	  6.00	  233.689350	    8.156910	  6.00
 0.0	0.00	  239.309920	   13.508837	  6.00	  239.309920	   13.508837	  6.00
 0.1	0.01	  220.466550	    5.922454	  6.00	  220.466540	    5.922440	  6.00
 0.1	0.01	  209.680900	   14.261339	  6.00	  209.680870	   14.261330	  6.00
 0.0	0.00	  133.473920	   13.569548	  6.00	  133.473920	   13.569548	  6.00
 0.0	0.00	  205.507510	   14.709371	  6.00	  205.507510	   14.709370	  6.00
 0.1	0.01	  174.413430	    8.864126	  6.00	  174.413450	    8.864120	  6.00
 0.0	0.00	  217.045230	   13.551591	  6.00	  217.045230	   13.551591	  6.00
 0.0	0.00	  145.128350	    7.489426	  6.00	  145.128360	    7.489430	  6.00
 0.0	0.00	  236.414260	    9.748503	  6.00	  236.414260	    9.748503	  6.00
 0.0	0.00	  210.850710	   11.154083	  6.00	  210.850710	   11.154080	  6.00
 0.6	0.07	  166.807130	    6.411810	  6.00	  166.807020	    6.411680	  6.00
 0.0	0.00	  235.322070	   10.422056	  6.00	  235.322070	   10.422056	  6.00
 0.0	0.00	  242.598420	   10.210955	  6.00	  242.598420	   10.210955	  6.00
 0.0	0.00	  120.485870	    8.125941	  6.00	  120.485870	    8.125941	  6.00
 0.0	0.01	  148.047260	    8.736313	  6.00	  148.047250	    8.736320	  6.00
 0.0	0.00	  121.448010	    8.319342	  6.00	  121.448010	    8.319342	  6.00
 0.0	0.00	  151.036350	    6.510481	  6.00	  151.036340	    6.510480	  6.00
 0.1	0.02	  146.245530	    8.369894	  6.00	  146.245500	    8.369870	  6.00
 0.0	0.00	  146.950660	   10.870046	  6.00	  146.950670	   10.870050	  6.00
 0.1	0.02	  149.318850	    4.527005	  6.00	  149.318830	    4.526970	  6.00
 0.0	0.00	  238.186120	    8.364543	  6.00	  238.186120	    8.364540	  6.00
 0.0	0.00	  167.623410	   13.766147	  6.00	  167.623410	   13.766150	  6.00
 0.0	0.00	  162.507470	   13.784773	  6.00	  162.507470	   13.784770	  6.00
 0.0	0.00	  172.681210	    6.883486	  6.00	  172.681210	    6.883490	  6.00
 0.0	0.00	  235.167210	   15.389071	  6.00	  235.167210	   15.389071	  6.00
 0.0	0.00	  209.981370	    7.747268	  6.00	  209.981370	    7.747268	  6.00
 0.0	0.00	  147.163790	   11.769470	  6.00	  147.163790	   11.769470	  6.00
 0.1	0.01	  144.667860	    8.136072	  6.00	  144.667840	    8.136080	  6.00
 0.0	0.00	  246.722850	   11.652030	  6.00	  246.722850	   11.652030	  6.00
 0.0	0.00	  144.319960	    8.630649	  6.00	  144.319960	    8.630640	  6.00
 0.0	0.00	  212.072580	   12.468108	  6.00	  212.072580	   12.468110	  6.00
 0.0	0.00	  231.053530	   11.693884	  6.00	  231.053530	   11.693884	  6.00
 0.0	0.00	  242.693170	    9.541310	  6.00	  242.693170	    9.541310	  6.00
 0.0	0.00	  176.516880	   11.581309	  6.00	  176.516880	   11.581310	  6.00
 0.1	0.01	  176.373360	   10.201638	  6.00	  176.373380	   10.201640	  6.00
 0.0	0.00	  160.501540	   12.334928	  6.00	  160.501540	   12.334930	  6.00
 0.0	0.00	  216.749070	    8.683622	  6.00	  216.749070	    8.683622	  6.00
 0.0	0.00	  173.660880	   15.621641	  6.00	  173.660880	   15.621640	  6.00
 0.0	0.00	  237.873220	   11.872712	  6.00	  237.873220	   11.872712	  6.00
 0.1	0.01	  176.525750	   10.871170	  6.00	  176.525740	   10.871190	  6.00
 0.0	0.00	  206.670890	    6.654318	  6.00	  206.670890	    6.654318	  6.00
 0.0	0.00	  210.943430	   14.868105	  6.00	  210.943430	   14.868105	  6.00
 0.0	0.00	  233.920130	   15.549004	  6.00	  233.920130	   15.549004	  6.00
 0.0	0.00	  242.873260	   10.019388	  6.00	  242.873260	   10.019388	  6.00
 0.0	0.00	  139.312220	    4.133690	  6.00	  139.312220	    4.133690	  6.00
 0.0	0.00	  162.340490	   12.905600	  6.00	  162.340490	   12.905600	  6.00
 0.0	0.00	  155.477400	   11.465522	  6.00	  155.477400	   11.465520	  6.00
 0.0	0.00	  152.372890	    9.176082	  6.00	  152.372890	    9.176080	  6.00
 0.0	0.00	  240.417950	   13.577730	  6.00	  240.417950	   13.577730	  6.00
 0.0	0.00	  170.666630	   13.330537	  6.00	  170.666630	   13.330530	  6.00
 0.0	0.00	  218.086650	    9.933525	  6.00	  218.086650	    9.933525	  6.00
 0.0	0.00	  224.362170	    8.954702	  6.00	  224.362170	    8.954702	  6.00
 0.0	0.00	  120.393370	   12.084305	  6.00	  120.393370	   12.084305	  6.00
 0.0	0.00	  120.442390	    9.953597	  6.00	  120.442390	    9.953597	  6.00
 0.0	0.00	  145.597350	   14.630060	  6.00	  145.597350	   14.630060	  6.00
 0.0	0.00	  217.682080	   13.952403	  6.00	  217.682080	   13.952403	  6.00
 0.0	0.00	  129.397840	    7.808634	  6.00	  129.397840	    7.808630	  6.00
 1.2	0.14	  217.418530	    4.062692	  6.00	  217.418550	    4.062370	  6.00
 0.3	0.03	  146.911040	    7.018018	  6.00	  146.910960	    7.018030	  6.00
 0.1	0.01	  175.985580	   11.940595	  6.00	  175.985580	   11.940580	  6.00
 0.0	0.00	  241.712560	    8.157967	  6.00	  241.712560	    8.157970	  6.00
 0.0	0.00	  173.901640	   15.975044	  6.00	  173.901640	   15.975044	  6.00
 0.0	0.00	  120.118980	   15.453100	  6.00	  120.118980	   15.453100	  6.00
 0.0	0.00	  170.577330	   13.065050	  6.00	  170.577330	   13.065050	  6.00
16.8	1.98	  146.585170	    5.691834	  6.00	  146.585370	    5.687170	  6.00
 0.0	0.00	  146.585170	    5.691834	  6.00	  146.585170	    5.691840	  6.00
 0.0	0.00	  212.205910	   10.795935	  6.00	  212.205910	   10.795940	  6.00
 1.4	0.16	  147.918820	   14.038158	  6.00	  147.918750	   14.037780	  6.00
 0.1	0.01	  136.642890	    6.303792	  6.00	  136.642880	    6.303810	  6.00
 0.2	0.02	  152.654990	    5.150633	  6.00	  152.654970	    5.150670	  6.00
 0.0	0.00	  247.433780	   11.847122	  6.00	  247.433780	   11.847120	  6.00
 0.0	0.01	  128.654980	    4.471172	  6.00	  128.654970	    4.471180	  6.00
 0.0	0.00	  211.714670	   13.805935	  6.00	  211.714670	   13.805940	  6.00
 0.1	0.01	  226.055690	   10.912108	  6.00	  226.055710	   10.912110	  6.00
 0.1	0.01	  179.082510	    6.172696	  6.00	  179.082490	    6.172690	  6.00
 0.0	0.01	  154.563710	    7.038847	  6.00	  154.563700	    7.038840	  6.00
 0.0	0.00	  147.626290	    8.360022	  6.00	  147.626290	    8.360030	  6.00
 0.6	0.07	  135.672620	   13.107808	  6.00	  135.672500	   13.107920	  6.00
 0.1	0.01	  212.199070	   13.018731	  6.00	  212.199080	   13.018720	  6.00
 0.0	0.00	  202.217550	   11.097004	  6.00	  202.217540	   11.097000	  6.00
 0.0	0.00	  215.870840	   14.283182	  6.00	  215.870840	   14.283182	  6.00
 0.0	0.00	  161.974710	   10.897806	  6.00	  161.974710	   10.897810	  6.00
 0.0	0.00	  241.670840	    6.580931	  6.00	  241.670840	    6.580930	  6.00
 2.3	0.27	  118.843780	   15.093862	  6.00	  118.843510	   15.094440	  6.00
 0.0	0.00	  179.753120	    4.669635	  6.00	  179.753110	    4.669640	  6.00
 0.0	0.00	  120.180300	    8.638814	  6.00	  120.180300	    8.638814	  6.00
 0.0	0.00	  235.065950	   14.808350	  6.00	  235.065950	   14.808350	  6.00
 0.0	0.00	  127.840170	    7.000032	  6.00	  127.840170	    7.000030	  6.00
 0.0	0.00	  235.720050	   15.175247	  6.00	  235.720050	   15.175247	  6.00
 0.0	0.00	  236.806930	   10.751978	  6.00	  236.806930	   10.751978	  6.00
 0.1	0.01	  118.817200	   15.060019	  6.00	  118.817210	   15.060030	  6.00
 0.1	0.01	  175.862440	   11.398436	  6.00	  175.862460	   11.398440	  6.00
 0.0	0.00	  231.935370	    9.699124	  6.00	  231.935370	    9.699120	  6.00
 0.0	0.00	  125.966570	   14.751718	  6.00	  125.966570	   14.751718	  6.00
 0.3	0.03	  169.867010	    9.595632	  6.00	  169.867090	    9.595640	  6.00
 0.0	0.00	  209.673940	    6.695013	  6.00	  209.673940	    6.695013	  6.00
 0.0	0.00	  234.264930	    6.040174	  6.00	  234.264930	    6.040174	  6.00
 0.1	0.01	  211.351680	    7.610601	  6.00	  211.351710	    7.610610	  6.00
 0.0	0.00	  144.843020	    4.952385	  6.00	  144.843020	    4.952390	  6.00
 0.0	0.00	  209.130730	    8.353305	  6.00	  209.130730	    8.353305	  6.00
 0.0	0.00	  246.352840	   11.713698	  6.00	  246.352840	   11.713698	  6.00
 0.0	0.00	  232.629920	   14.710534	  6.00	  232.629920	   14.710530	  6.00
 0.8	0.09	  139.731450	   14.304883	  6.00	  139.731670	   14.304920	  6.00
 1.6	0.18	  143.512670	   11.006039	  6.00	  143.513040	   11.005800	  6.00
 0.0	0.00	  137.674310	    7.206704	  6.00	  137.674310	    7.206710	  6.00
 0.0	0.00	  220.231070	   14.333541	  6.00	  220.231070	   14.333540	  6.00
 0.0	0.00	  233.381230	   11.745794	  6.00	  233.381230	   11.745794	  6.00
 0.1	0.01	  199.217970	   12.548232	  6.00	  199.217960	   12.548220	  6.00
 0.1	0.01	  166.060810	    5.126854	  6.00	  166.060790	    5.126830	  6.00
 0.3	0.03	  162.281530	    6.917357	  6.00	  162.281540	    6.917280	  6.00
 0.0	0.00	  166.946010	   15.058740	  6.00	  166.946010	   15.058740	  6.00
 0.0	0.00	  244.117140	   14.887378	  6.00	  244.117140	   14.887378	  6.00
 0.0	0.00	  150.271490	   14.947636	  6.00	  150.271490	   14.947636	  6.00
 0.0	0.00	  229.855350	   11.054538	  6.00	  229.855350	   11.054538	  6.00
 0.0	0.00	  216.136490	   13.799079	  6.00	  216.136490	   13.799080	  6.00
 0.0	0.00	  149.650960	   13.255276	  6.00	  149.650960	   13.255280	  6.00
 0.1	0.02	  176.551460	   10.595534	  6.00	  176.551500	   10.595530	  6.00
 0.0	0.00	  159.533320	   10.380861	  6.00	  159.533320	   10.380860	  6.00
 0.1	0.01	  209.950530	   11.326030	  6.00	  209.950500	   11.326030	  6.00
 0.1	0.01	  148.675410	    4.975427	  6.00	  148.675390	    4.975420	  6.00
 0.0	0.00	  210.218680	    6.486370	  6.00	  210.218680	    6.486370	  6.00
 0.1	0.01	  168.250900	    7.861869	  6.00	  168.250880	    7.861860	  6.00
 0.1	0.01	  144.872230	    6.229252	  6.00	  144.872210	    6.229250	  6.00
 0.1	0.01	  143.686310	    6.425529	  6.00	  143.686330	    6.425500	  6.00
 0.1	0.01	  146.977040	    9.512735	  6.00	  146.977040	    9.512720	  6.00
 0.7	0.08	  219.787680	    4.551771	  6.00	  219.787870	    4.551810	  6.00
 0.0	0.00	  134.016590	   13.422027	  6.00	  134.016590	   13.422027	  6.00
 0.0	0.00	  147.614140	   12.765495	  6.00	  147.614140	   12.765500	  6.00
 0.0	0.00	  144.035800	    6.257063	  6.00	  144.035790	    6.257060	  6.00
 0.1	0.01	  143.347520	    9.488265	  6.00	  143.347530	    9.488250	  6.00
 0.3	0.04	  226.972190	    8.437465	  6.00	  226.972130	    8.437400	  6.00
 0.0	0.00	  235.822970	    9.698852	  6.00	  235.822970	    9.698852	  6.00
 0.7	0.08	  178.275520	    6.153843	  6.00	  178.275370	    6.153970	  6.00
 0.0	0.00	  161.864320	   13.889750	  6.00	  161.864320	   13.889750	  6.00
 0.0	0.00	  120.699820	    7.431616	  6.00	  120.699820	    7.431616	  6.00
 0.1	0.01	  140.415860	    9.158778	  6.00	  140.415880	    9.158770	  6.00
 0.0	0.00	  224.657720	    6.775158	  6.00	  224.657720	    6.775158	  6.00
 0.0	0.00	  211.380040	   12.446521	  6.00	  211.380040	   12.446530	  6.00
 0.0	0.00	  174.378050	   15.486344	  6.00	  174.378050	   15.486344	  6.00
 0.0	0.00	  241.741460	   10.751174	  6.00	  241.741460	   10.751170	  6.00
 0.0	0.00	  198.296180	    9.679601	  6.00	  198.296180	    9.679600	  6.00
 0.0	0.00	  160.701870	   13.459836	  6.00	  160.701880	   13.459830	  6.00
 0.0	0.00	  120.696430	   13.758649	  6.00	  120.696430	   13.758650	  6.00
 0.1	0.01	  148.902660	    6.819630	  6.00	  148.902650	    6.819640	  6.00
 0.0	0.00	  213.670510	   13.378171	  6.00	  213.670510	   13.378171	  6.00
 0.0	0.00	  131.697050	   13.706803	  6.00	  131.697050	   13.706800	  6.00
 1.0	0.11	  169.161580	   15.727319	  6.00	  169.161780	   15.727500	  6.00
 0.0	0.00	  118.571080	   14.272999	  6.00	  118.571080	   14.273000	  6.00
 0.1	0.01	  210.500530	   10.830599	  6.00	  210.500540	   10.830610	  6.00
 0.2	0.02	  120.984910	    8.699592	  6.00	  120.984920	    8.699640	  6.00
 0.0	0.00	  143.642240	   13.005742	  6.00	  143.642240	   13.005742	  6.00
 0.0	0.00	  240.968570	    8.342565	  6.00	  240.968570	    8.342560	  6.00
 0.6	0.08	  147.527680	   12.813609	  6.00	  147.527500	   12.813640	  6.00
 0.0	0.00	  145.474710	   11.632515	  6.00	  145.474710	   11.632510	  6.00
 0.0	0.00	  214.328190	   12.585529	  6.00	  214.328190	   12.585529	  6.00
 0.0	0.00	  217.460690	   13.799658	  6.00	  217.460690	   13.799658	  6.00
 0.0	0.00	  176.483840	   13.839185	  6.00	  176.483830	   13.839190	  6.00
 0.0	0.00	  210.371840	    9.153722	  6.00	  210.371840	    9.153720	  6.00
 1.1	0.13	  130.816360	   13.085812	  6.00	  130.816670	   13.085860	  6.00
 0.0	0.00	  246.147220	   11.471420	  6.00	  246.147220	   11.471420	  6.00
 0.0	0.00	  211.527040	   11.788836	  6.00	  211.527040	   11.788836	  6.00
 0.0	0.00	  148.857360	    7.660449	  6.00	  148.857350	    7.660450	  6.00
 0.0	0.00	  208.930070	    5.781366	  6.00	  208.930070	    5.781370	  6.00
 0.1	0.01	  143.359860	   10.011445	  6.00	  143.359860	   10.011430	  6.00
 0.0	0.00	  216.589240	   10.163336	  6.00	  216.589240	   10.163340	  6.00
 0.0	0.00	  218.888660	   12.908248	  6.00	  218.888670	   12.908250	  6.00
 0.0	0.00	  130.700890	   14.265250	  6.00	  130.700890	   14.265250	  6.00
 0.0	0.00	  216.927350	   13.906888	  6.00	  216.927350	   13.906888	  6.00
 0.0	0.00	  218.310610	   13.842711	  6.00	  218.310610	   13.842711	  6.00
 0.1	0.01	  210.514690	    9.929323	  6.00	  210.514670	    9.929310	  6.00
 0.0	0.00	  211.158120	   11.645751	  6.00	  211.158130	   11.645750	  6.00
 0.0	0.00	  173.588530	   15.660405	  6.00	  173.588530	   15.660405	  6.00
 0.1	0.01	  147.865740	    7.263705	  6.00	  147.865710	    7.263690	  6.00
 0.1	0.01	  167.483060	   10.720828	  6.00	  167.483080	   10.720830	  6.00
 0.0	0.00	  151.865390	   12.274507	  6.00	  151.865390	   12.274510	  6.00
 0.1	0.01	  208.360650	    5.207784	  6.00	  208.360630	    5.207760	  6.00
 0.0	0.00	  241.165230	   15.066090	  6.00	  241.165230	   15.066090	  6.00
 0.3	0.03	  176.479570	   13.516261	  6.00	  176.479550	   13.516190	  6.00
 0.0	0.00	  215.327820	   12.505956	  6.00	  215.327820	   12.505960	  6.00
 0.0	0.00	  211.053600	    8.517225	  6.00	  211.053600	    8.517225	  6.00
 0.0	0.00	  175.942160	   13.707575	  6.00	  175.942160	   13.707570	  6.00
 0.2	0.03	  167.867820	    6.907552	  6.00	  167.867780	    6.907500	  6.00
 0.0	0.00	  156.471190	   14.363159	  6.00	  156.471190	   14.363159	  6.00
 0.0	0.00	  163.802580	    5.862560	  6.00	  163.802570	    5.862560	  6.00
 0.0	0.00	  171.641860	   11.440074	  6.00	  171.641870	   11.440080	  6.00
 0.0	0.00	  121.776660	    7.882903	  6.00	  121.776660	    7.882903	  6.00
 0.0	0.00	  143.511320	    9.479205	  6.00	  143.511330	    9.479210	  6.00
 0.0	0.00	  216.096570	   13.798442	  6.00	  216.096570	   13.798442	  6.00
 0.1	0.01	  155.041690	    6.952559	  6.00	  155.041680	    6.952570	  6.00
 0.0	0.00	  128.572500	   14.547922	  6.00	  128.572500	   14.547920	  6.00
 0.0	0.00	  209.937870	    8.141178	  6.00	  209.937870	    8.141178	  6.00
 0.0	0.00	  240.548470	    7.086102	  6.00	  240.548470	    7.086100	  6.00
 0.0	0.00	  177.135200	   12.705293	  6.00	  177.135200	   12.705293	  6.00
 0.0	0.00	  217.197610	   13.821198	  6.00	  217.197610	   13.821200	  6.00
 0.0	0.00	  130.734940	   13.641590	  6.00	  130.734940	   13.641590	  6.00
14.3	1.69	  130.734940	   13.641590	  6.00	  130.731160	   13.643110	  6.00
 0.9	0.11	  209.660920	    7.216517	  6.00	  209.660670	    7.216560	  6.00
 0.0	0.00	  171.168030	   14.946506	  6.00	  171.168030	   14.946510	  6.00
 1.4	0.17	  232.017740	   12.003593	  6.00	  232.018080	   12.003380	  6.00
 0.1	0.01	  217.989100	    6.250413	  6.00	  217.989130	    6.250420	  6.00
 0.0	0.00	  121.853410	    6.863209	  6.00	  121.853410	    6.863209	  6.00
 0.1	0.01	  209.467600	    7.413507	  6.00	  209.467620	    7.413500	  6.00
 0.0	0.00	  149.251500	   15.555658	  6.00	  149.251500	   15.555658	  6.00
 7.0	0.83	  235.722750	   14.229911	  6.00	  235.721530	   14.231470	  6.00
 0.0	0.00	  118.434890	   13.337425	  6.00	  118.434890	   13.337420	  6.00
 0.0	0.00	  171.108620	   11.342213	  6.00	  171.108620	   11.342220	  6.00
 1.0	0.12	  148.464540	   13.615107	  6.00	  148.464370	   13.614890	  6.00
 0.0	0.00	  218.183100	    9.891717	  6.00	  218.183100	    9.891717	  6.00
 0.0	0.00	  211.426000	   12.241932	  6.00	  211.426000	   12.241932	  6.00
 0.0	0.00	  174.811370	   14.992426	  6.00	  174.811370	   14.992430	  6.00
 0.1	0.01	  144.532890	    9.523921	  6.00	  144.532870	    9.523920	  6.00
 0.4	0.04	  135.263480	   11.098305	  6.00	  135.263420	   11.098390	  6.00
 0.0	0.00	  154.302990	   13.192054	  6.00	  154.302990	   13.192050	  6.00
 0.1	0.01	  154.582210	    7.049329	  6.00	  154.582200	    7.049310	  6.00
 0.0	0.00	  246.694510	   11.580274	  6.00	  246.694510	   11.580270	  6.00
 0.0	0.00	  239.627580	   13.999187	  6.00	  239.627580	   13.999187	  6.00
 0.0	0.00	  138.307080	   11.771323	  6.00	  138.307080	   11.771323	  6.00
 0.0	0.00	  134.254540	   13.199114	  6.00	  134.254540	   13.199110	  6.00
 0.0	0.00	  174.257900	   15.570610	  6.00	  174.257900	   15.570610	  6.00
 0.0	0.00	  148.706520	    9.271095	  6.00	  148.706520	    9.271090	  6.00
 0.0	0.00	  147.404140	    9.005206	  6.00	  147.404140	    9.005210	  6.00
 0.9	0.10	  146.080950	    9.984789	  6.00	  146.080780	    9.984620	  6.00
 0.2	0.02	  150.133330	    4.407082	  6.00	  150.133280	    4.407070	  6.00
 0.0	0.00	  176.776470	   13.706812	  6.00	  176.776470	   13.706812	  6.00
 0.5	0.05	  149.722210	   15.379947	  6.00	  149.722330	   15.380000	  6.00
 0.1	0.01	  162.116260	   12.533192	  6.00	  162.116290	   12.533190	  6.00
 0.0	0.00	  120.527290	    9.377318	  6.00	  120.527290	    9.377318	  6.00
 0.4	0.05	  120.248490	   15.624756	  6.00	  120.248370	   15.624780	  6.00
 0.0	0.00	  241.993170	   10.779589	  6.00	  241.993170	   10.779589	  6.00
 0.0	0.00	  210.573300	    7.684167	  6.00	  210.573300	    7.684170	  6.00
 0.0	0.00	  213.052990	   15.868888	  6.00	  213.052990	   15.868890	  6.00
 0.0	0.00	  120.201610	   10.083603	  6.00	  120.201610	   10.083603	  6.00
 0.0	0.00	  160.912120	   14.871857	  6.00	  160.912130	   14.871860	  6.00
 0.0	0.00	  167.688380	   12.016143	  6.00	  167.688380	   12.016140	  6.00
 0.0	0.00	  246.844120	   11.467141	  6.00	  246.844120	   11.467140	  6.00
 0.0	0.00	  243.566320	    9.537189	  6.00	  243.566320	    9.537190	  6.00
 0.1	0.01	  168.165880	    9.055816	  6.00	  168.165900	    9.055840	  6.00
 0.5	0.06	  220.741760	    4.889587	  6.00	  220.741680	    4.889470	  6.00
 0.0	0.00	  144.746620	    6.955441	  6.00	  144.746620	    6.955440	  6.00
 0.0	0.01	  152.442840	    5.172927	  6.00	  152.442840	    5.172940	  6.00
 0.1	0.01	  168.485420	   12.301081	  6.00	  168.485420	   12.301060	  6.00
 0.0	0.00	  217.635620	   14.024417	  6.00	  217.635620	   14.024417	  6.00
 0.0	0.00	  213.132150	   13.304739	  6.00	  213.132150	   13.304739	  6.00
 0.0	0.00	  134.710290	    6.292996	  6.00	  134.710290	    6.293000	  6.00
 0.1	0.02	  141.650630	    7.954483	  6.00	  141.650590	    7.954490	  6.00
 0.0	0.00	  209.373460	    6.097006	  6.00	  209.373460	    6.097010	  6.00
 5.7	0.67	  151.093270	   13.622754	  6.00	  151.093610	   13.621210	  6.00
 0.0	0.00	  120.706810	   15.808279	  6.00	  120.706810	   15.808280	  6.00
 0.0	0.00	  120.550300	   10.542811	  6.00	  120.550300	   10.542811	  6.00
 0.0	0.00	  241.435720	    8.845532	  6.00	  241.435720	    8.845530	  6.00
 0.0	0.00	  131.923720	   13.419121	  6.00	  131.923720	   13.419120	  6.00
 0.0	0.00	  141.239190	   11.541526	  6.00	  141.239190	   11.541530	  6.00
 0.0	0.00	  120.418030	   15.644755	  6.00	  120.418030	   15.644755	  6.00
 0.0	0.00	  146.035550	   11.254132	  6.00	  146.035550	   11.254130	  6.00
 0.0	0.00	  128.911620	    4.757035	  6.00	  128.911610	    4.757030	  6.00
 0.1	0.01	  142.543070	    7.902761	  6.00	  142.543040	    7.902750	  6.00
 0.0	0.00	  175.039100	   15.327303	  6.00	  175.039100	   15.327300	  6.00
 0.1	0.02	  144.643560	    8.887900	  6.00	  144.643580	    8.887930	  6.00
 0.0	0.00	  213.473030	   15.509954	  6.00	  213.473030	   15.509950	  6.00
 0.0	0.00	  211.206120	   11.395510	  6.00	  211.206120	   11.395510	  6.00
 0.0	0.00	  120.087410	   11.319454	  6.00	  120.087410	   11.319450	  6.00
 0.0	0.00	  149.449050	   15.125604	  6.00	  149.449050	   15.125600	  6.00
 0.0	0.00	  120.475490	    9.625861	  6.00	  120.475490	    9.625860	  6.00
 0.0	0.00	  212.047290	    5.811558	  6.00	  212.047290	    5.811560	  6.00
 0.1	0.01	  209.558320	    5.408296	  6.00	  209.558320	    5.408280	  6.00
 0.0	0.00	  241.207600	    8.481095	  6.00	  241.207600	    8.481090	  6.00
 0.0	0.00	  210.642530	   14.552544	  6.00	  210.642530	   14.552540	  6.00
 0.0	0.00	  140.211440	   13.191141	  6.00	  140.211440	   13.191140	  6.00
 0.0	0.00	  213.555830	   15.622408	  6.00	  213.555830	   15.622408	  6.00
 0.0	0.00	  138.398300	   12.440814	  6.00	  138.398300	   12.440810	  6.00
 0.1	0.01	  176.439840	   10.824570	  6.00	  176.439840	   10.824600	  6.00
 0.0	0.00	  138.820690	   11.885692	  6.00	  138.820690	   11.885690	  6.00
 0.0	0.00	  239.377870	   15.956055	  6.00	  239.377870	   15.956050	  6.00
 0.0	0.00	  209.553580	    6.518185	  6.00	  209.553580	    6.518180	  6.00
 0.0	0.00	  176.342810	   14.366585	  6.00	  176.342810	   14.366590	  6.00
 0.1	0.01	  160.531400	   13.746999	  6.00	  160.531420	   13.747000	  6.00
 0.0	0.00	  120.856370	   10.050530	  6.00	  120.856370	   10.050530	  6.00
 0.1	0.01	  175.077110	    9.009902	  6.00	  175.077120	    9.009890	  6.00
 0.0	0.00	  213.716820	   14.125870	  6.00	  213.716820	   14.125870	  6.00
 0.0	0.00	  208.272630	   15.844551	  6.00	  208.272630	   15.844550	  6.00
 0.0	0.00	  212.116680	   15.920934	  6.00	  212.116680	   15.920934	  6.00
 0.0	0.01	  162.809720	    5.840021	  6.00	  162.809710	    5.840030	  6.00
 0.0	0.00	  175.244820	   11.471141	  6.00	  175.244820	   11.471141	  6.00
 0.0	0.00	  241.804150	    7.978988	  6.00	  241.804150	    7.978990	  6.00
 0.1	0.01	  142.561640	    8.283093	  6.00	  142.561650	    8.283070	  6.00
 0.1	0.01	  211.426810	   12.074095	  6.00	  211.426790	   12.074080	  6.00
 0.0	0.00	  129.925540	    5.383506	  6.00	  129.925540	    5.383506	  6.00
 0.0	0.00	  157.925450	   12.282401	  6.00	  157.925450	   12.282400	  6.00
 0.0	0.00	  241.169900	   11.040988	  6.00	  241.169900	   11.040988	  6.00
 0.1	0.02	  226.435410	   11.208372	  6.00	  226.435370	   11.208360	  6.00
 0.0	0.01	  165.116000	   11.620873	  6.00	  165.116000	   11.620860	  6.00
 0.0	0.00	  138.829120	   10.650325	  6.00	  138.829120	   10.650320	  6.00
 0.0	0.00	  240.941640	   11.742193	  6.00	  240.941640	   11.742193	  6.00
 0.0	0.00	  131.739310	   12.884131	  6.00	  131.739310	   12.884131	  6.00
 0.1	0.01	  212.084430	   11.608594	  6.00	  212.084460	   11.608580	  6.00
 0.0	0.00	  152.847660	   13.778255	  6.00	  152.847660	   13.778250	  6.00
 0.0	0.00	  147.084530	   15.848564	  6.00	  147.084530	   15.848564	  6.00
 0.0	0.00	  234.726200	    8.593711	  6.00	  234.726200	    8.593711	  6.00
 0.0	0.00	  138.783460	   11.764087	  6.00	  138.783460	   11.764087	  6.00
 0.0	0.00	  210.901080	   15.273424	  6.00	  210.901080	   15.273424	  6.00
 0.0	0.00	  168.064320	    8.628677	  6.00	  168.064320	    8.628677	  6.00
 0.0	0.00	  176.513260	   14.643798	  6.00	  176.513260	   14.643800	  6.00
 0.0	0.00	  153.902840	    6.347819	  6.00	  153.902850	    6.347820	  6.00
 0.1	0.01	  143.463670	   10.159396	  6.00	  143.463670	   10.159410	  6.00
 0.1	0.01	  221.122310	    5.176261	  6.00	  221.122330	    5.176250	  6.00
 0.0	0.00	  234.833470	   15.384333	  6.00	  234.833470	   15.384330	  6.00
 0.0	0.00	  209.644040	    6.574070	  6.00	  209.644040	    6.574070	  6.00
 0.4	0.05	  121.062640	    8.732065	  6.00	  121.062710	    8.731970	  6.00
 0.0	0.00	  170.574650	   12.722532	  6.00	  170.574650	   12.722530	  6.00
 0.1	0.02	  220.871580	    4.531530	  6.00	  220.871600	    4.531500	  6.00
 0.0	0.00	  246.061860	   12.855839	  6.00	  246.061860	   12.855839	  6.00
 0.0	0.00	  120.591410	   10.151851	  6.00	  120.591410	   10.151851	  6.00
 0.1	0.01	  155.966110	    9.987462	  6.00	  155.966130	    9.987470	  6.00
 0.0	0.00	  141.910820	   11.620717	  6.00	  141.910820	   11.620720	  6.00
 0.0	0.00	  243.672200	   10.855259	  6.00	  243.672200	   10.855259	  6.00
 0.1	0.01	  168.604850	   15.533851	  6.00	  168.604870	   15.533860	  6.00
 0.0	0.00	  243.545100	    9.903453	  6.00	  243.545100	    9.903453	  6.00
 1.4	0.17	  169.109880	    4.336596	  6.00	  169.109500	    4.336500	  6.00
 0.0	0.00	  235.239830	   10.446755	  6.00	  235.239830	   10.446755	  6.00
 0.0	0.00	  217.076770	   13.780230	  6.00	  217.076770	   13.780230	  6.00
 0.0	0.00	  120.640330	    9.389835	  6.00	  120.640330	    9.389835	  6.00
 0.0	0.00	  177.127770	   12.729800	  6.00	  177.127770	   12.729800	  6.00
 0.0	0.00	  139.909570	   13.853431	  6.00	  139.909570	   13.853431	  6.00
 0.6	0.08	  143.216150	   12.287041	  6.00	  143.216250	   12.286890	  6.00
 0.1	0.01	  122.641430	    7.027208	  6.00	  122.641460	    7.027190	  6.00
 0.0	0.00	  237.360390	    5.571223	  6.00	  237.360390	    5.571223	  6.00
 0.0	0.00	  151.515950	   10.637632	  6.00	  151.515950	   10.637630	  6.00
 0.0	0.00	  208.014050	    7.620867	  6.00	  208.014050	    7.620870	  6.00
 0.0	0.00	  154.542820	    7.142980	  6.00	  154.542820	    7.142980	  6.00
 0.0	0.00	  211.169610	   12.143952	  6.00	  211.169610	   12.143950	  6.00
 0.0	0.00	  177.706260	    7.074673	  6.00	  177.706260	    7.074670	  6.00
 0.0	0.00	  234.545390	   14.027207	  6.00	  234.545390	   14.027207	  6.00
 0.1	0.01	  241.245180	    8.453702	  6.00	  241.245170	    8.453690	  6.00
 0.0	0.00	  120.547090	   12.243538	  6.00	  120.547090	   12.243540	  6.00
 0.0	0.00	  122.057450	    6.808444	  6.00	  122.057460	    6.808440	  6.00
 0.0	0.00	  151.706430	   11.235833	  6.00	  151.706440	   11.235830	  6.00
 0.0	0.00	  245.387630	    9.997857	  6.00	  245.387630	    9.997857	  6.00
 0.4	0.05	  146.585440	    5.687254	  6.00	  146.585370	    5.687170	  6.00
16.5	1.95	  146.585440	    5.687254	  6.00	  146.585170	    5.691840	  6.00
 0.0	0.00	  134.114400	   15.392121	  6.00	  134.114400	   15.392121	  6.00
 0.0	0.00	  213.671570	   15.512802	  6.00	  213.671570	   15.512802	  6.00
 0.0	0.00	  246.600610	   13.117134	  6.00	  246.600610	   13.117134	  6.00
 0.1	0.01	  176.357620	    9.514851	  6.00	  176.357610	    9.514880	  6.00
 0.0	0.00	  146.012110	    9.374211	  6.00	  146.012120	    9.374210	  6.00
 0.0	0.00	  198.251050	   12.613593	  6.00	  198.251050	   12.613590	  6.00
 0.0	0.00	  237.963110	    5.973673	  6.00	  237.963120	    5.973670	  6.00
 0.0	0.00	  236.155490	   10.630524	  6.00	  236.155490	   10.630524	  6.00
 0.6	0.08	  130.862680	    4.433190	  6.00	  130.862500	    4.433190	  6.00
 0.0	0.00	  120.729070	    8.396014	  6.00	  120.729070	    8.396014	  6.00
 0.0	0.00	  137.286300	   14.642831	  6.00	  137.286300	   14.642831	  6.00
 0.0	0.00	  144.127430	   15.548767	  6.00	  144.127430	   15.548767	  6.00
 0.0	0.00	  243.297640	    9.831116	  6.00	  243.297640	    9.831116	  6.00
 0.0	0.00	  164.392450	    9.214820	  6.00	  164.392450	    9.214820	  6.00
 0.0	0.00	  210.866300	   12.162541	  6.00	  210.866300	   12.162541	  6.00
 0.2	0.02	  171.472840	    9.987456	  6.00	  171.472800	    9.987490	  6.00
 0.0	0.00	  149.351750	   15.117109	  6.00	  149.351750	   15.117109	  6.00
 0.0	0.00	  138.332850	   12.535272	  6.00	  138.332850	   12.535272	  6.00
 0.0	0.00	  209.258300	    7.113147	  6.00	  209.258300	    7.113147	  6.00
 0.1	0.01	  177.883360	    4.852505	  6.00	  177.883330	    4.852500	  6.00
 0.0	0.00	  231.894920	    6.900513	  6.00	  231.894920	    6.900513	  6.00
 0.0	0.00	  210.478630	    9.378878	  6.00	  210.478630	    9.378878	  6.00
 0.0	0.00	  210.803840	    9.522932	  6.00	  210.803840	    9.522930	  6.00
 0.0	0.00	  211.223830	   12.721693	  6.00	  211.223830	   12.721690	  6.00
 0.0	0.00	  155.914000	   12.623774	  6.00	  155.914000	   12.623780	  6.00
 0.0	0.01	  242.336450	    8.763258	  6.00	  242.336460	    8.763250	  6.00
 0.0	0.00	  211.351520	   15.578614	  6.00	  211.351520	   15.578614	  6.00
 0.0	0.00	  143.407420	    8.463881	  6.00	  143.407420	    8.463880	  6.00
 0.0	0.00	  135.946470	    5.806676	  6.00	  135.946460	    5.806680	  6.00
 0.0	0.00	  209.542030	    6.491693	  6.00	  209.542040	    6.491690	  6.00
 0.0	0.00	  175.239510	   13.145078	  6.00	  175.239510	   13.145080	  6.00
 0.1	0.01	  163.379860	    7.461892	  6.00	  163.379890	    7.461890	  6.00
 0.1	0.01	  209.144010	   10.191210	  6.00	  209.144000	   10.191220	  6.00
 0.1	0.01	  211.026590	   11.202877	  6.00	  211.026580	   11.202890	  6.00
 0.0	0.00	  231.523230	    9.204145	  6.00	  231.523230	    9.204145	  6.00
 0.0	0.00	  147.274910	    9.088097	  6.00	  147.274910	    9.088100	  6.00
 0.2	0.02	  195.674050	    5.958403	  6.00	  195.674090	    5.958370	  6.00
 0.1	0.01	  138.896020	   10.467534	  6.00	  138.896040	   10.467530	  6.00
 0.0	0.00	  210.776850	    8.241829	  6.00	  210.776850	    8.241830	  6.00
 0.0	0.00	  153.619060	   15.902928	  6.00	  153.619060	   15.902930	  6.00
 0.0	0.00	  232.888880	    6.025342	  6.00	  232.888880	    6.025342	  6.00
 0.1	0.01	  234.194020	    7.833590	  6.00	  234.194000	    7.833580	  6.00
 0.0	0.00	  171.213200	   14.795788	  6.00	  171.213200	   14.795790	  6.00
 0.0	0.00	  150.712580	   14.553240	  6.00	  150.712580	   14.553240	  6.00
 0.1	0.01	  170.778360	   13.886822	  6.00	  170.778330	   13.886830	  6.00
 0.0	0.00	  210.791050	   12.170402	  6.00	  210.791050	   12.170402	  6.00
 0.0	0.00	  218.126330	    8.135834	  6.00	  218.126330	    8.135830	  6.00
 0.0	0.00	  150.543280	   11.643468	  6.00	  150.543280	   11.643470	  6.00
 0.0	0.00	  210.651840	    9.941289	  6.00	  210.651840	    9.941289	  6.00
 0.0	0.00	  142.585740	   13.458285	  6.00	  142.585740	   13.458285	  6.00
 0.0	0.00	  199.099760	   12.522272	  6.00	  199.099760	   12.522270	  6.00
 5.6	0.66	  224.199890	    9.509104	  6.00	  224.198330	    9.508890	  6.00
 0.0	0.00	  151.198610	    5.368597	  6.00	  151.198610	    5.368597	  6.00
 2.8	0.33	  209.421240	   15.373052	  6.00	  209.420580	   15.373490	  6.00
 0.0	0.00	  209.318980	   15.882098	  6.00	  209.318980	   15.882098	  6.00
 0.1	0.01	  218.916310	   13.169944	  6.00	  218.916290	   13.169940	  6.00
 0.0	0.00	  241.404970	   13.492116	  6.00	  241.404970	   13.492116	  6.00
 0.0	0.00	  120.056000	   13.155076	  6.00	  120.056000	   13.155076	  6.00
 0.0	0.00	  147.332590	    9.920473	  6.00	  147.332600	    9.920470	  6.00
 0.4	0.05	  139.045840	    6.329409	  6.00	  139.045960	    6.329440	  6.00
 0.0	0.00	  172.060890	   11.394384	  6.00	  172.060890	   11.394380	  6.00
 0.0	0.00	  209.230540	   13.408951	  6.00	  209.230540	   13.408950	  6.00
 0.0	0.00	  212.927340	   14.671541	  6.00	  212.927340	   14.671541	  6.00
 0.1	0.01	  171.103230	   14.203097	  6.00	  171.103210	   14.203080	  6.00
 0.0	0.00	  130.611920	   14.425918	  6.00	  130.611920	   14.425918	  6.00
 0.1	0.01	  179.280050	    6.675410	  6.00	  179.280040	    6.675420	  6.00
 0.1	0.01	  211.372340	   11.585452	  6.00	  211.372330	   11.585440	  6.00
 0.0	0.00	  140.007270	    7.056241	  6.00	  140.007260	    7.056240	  6.00
 0.8	0.09	  147.269710	   13.880600	  6.00	  147.269540	   13.880750	  6.00
 0.0	0.00	  174.236940	   15.528971	  6.00	  174.236940	   15.528970	  6.00
 0.0	0.00	  163.500090	    9.831201	  6.00	  163.500090	    9.831201	  6.00
 0.4	0.05	  175.565070	   10.222880	  6.00	  175.565170	   10.222920	  6.00
 0.0	0.00	  240.065100	   15.769222	  6.00	  240.065100	   15.769222	  6.00
 0.0	0.00	  140.020940	    4.480470	  6.00	  140.020940	    4.480470	  6.00
 0.0	0.01	  208.290200	    4.960946	  6.00	  208.290210	    4.960940	  6.00
 0.0	0.00	  237.879210	    4.199494	  6.00	  237.879210	    4.199494	  6.00
 0.0	0.00	  170.597520	   11.793924	  6.00	  170.597520	   11.793920	  6.00
 0.0	0.00	  176.750650	    7.324204	  6.00	  176.750650	    7.324200	  6.00
 0.1	0.01	  233.003480	    8.633155	  6.00	  233.003500	    8.633170	  6.00
 0.1	0.01	  174.969890	    8.874557	  6.00	  174.969880	    8.874530	  6.00
 0.0	0.00	  213.322330	   15.492186	  6.00	  213.322330	   15.492186	  6.00
 0.0	0.00	  124.219170	    5.647028	  6.00	  124.219170	    5.647030	  6.00
 0.0	0.00	  162.361260	   12.257781	  6.00	  162.361260	   12.257780	  6.00
 0.0	0.00	  215.347650	   11.270793	  6.00	  215.347650	   11.270793	  6.00
 0.4	0.05	  153.925530	    7.327758	  6.00	  153.925460	    7.327860	  6.00
 0.0	0.00	  120.626600	    9.075999	  6.00	  120.626600	    9.075999	  6.00
 0.1	0.01	  151.988000	   13.227403	  6.00	  151.988000	   13.227420	  6.00
 0.4	0.04	  144.374820	    9.552187	  6.00	  144.374920	    9.552170	  6.00
 0.0	0.00	  239.979230	    7.987861	  6.00	  239.979230	    7.987860	  6.00
 0.0	0.00	  222.886750	    8.599965	  6.00	  222.886750	    8.599965	  6.00
 0.0	0.00	  170.711140	   12.344886	  6.00	  170.711140	   12.344890	  6.00
 0.0	0.00	  156.167130	   14.756765	  6.00	  156.167130	   14.756765	  6.00
 0.0	0.00	  246.154890	   12.552621	  6.00	  246.154890	   12.552621	  6.00
 0.0	0.01	  217.202200	    6.715412	  6.00	  217.202210	    6.715420	  6.00
 0.1	0.01	  146.376180	    6.376824	  6.00	  146.376150	    6.376820	  6.00
 0.0	0.00	  119.212740	   11.216758	  6.00	  119.212740	   11.216758	  6.00
 0.1	0.02	  177.979060	    5.840121	  6.00	  177.979020	    5.840130	  6.00
 0.2	0.02	  181.018060	    4.813133	  6.00	  181.018080	    4.813080	  6.00
 0.0	0.00	  209.586120	    6.509110	  6.00	  209.586120	    6.509110	  6.00
 0.0	0.00	  211.882940	   15.867494	  6.00	  211.882940	   15.867494	  6.00
 0.9	0.11	  153.204690	    7.103752	  6.00	  153.204950	    7.103800	  6.00
 0.0	0.00	  120.582910	   11.627941	  6.00	  120.582910	   11.627941	  6.00
 0.0	0.00	  157.905330	    4.572787	  6.00	  157.905330	    4.572790	  6.00
 0.1	0.01	  241.350050	    7.078018	  6.00	  241.350040	    7.078030	  6.00
 0.0	0.00	  246.564440	   11.739889	  6.00	  246.564440	   11.739889	  6.00
 0.1	0.01	  145.088060	    4.735090	  6.00	  145.088040	    4.735080	  6.00
 0.0	0.00	  214.281060	    4.837052	  6.00	  214.281060	    4.837060	  6.00
 0.0	0.00	  130.500230	   10.514728	  6.00	  130.500230	   10.514728	  6.00
 0.0	0.00	  233.186900	    6.510828	  6.00	  233.186900	    6.510828	  6.00
 0.0	0.00	  120.932930	   10.149254	  6.00	  120.932930	   10.149254	  6.00
 0.0	0.00	  176.994340	   13.910677	  6.00	  176.994340	   13.910680	  6.00
 0.0	0.00	  131.695740	   13.163999	  6.00	  131.695740	   13.163999	  6.00
 0.1	0.02	  173.458620	   14.824512	  6.00	  173.458580	   14.824500	  6.00
 0.0	0.00	  218.034180	    6.189754	  6.00	  218.034180	    6.189750	  6.00
 0.5	0.06	  150.060910	    9.617475	  6.00	  150.060830	    9.617360	  6.00
 0.0	0.00	  146.425280	    6.869903	  6.00	  146.425280	    6.869910	  6.00
 0.0	0.00	  211.375120	   13.044399	  6.00	  211.375120	   13.044390	  6.00
 0.1	0.01	  120.121110	   13.308457	  6.00	  120.121130	   13.308440	  6.00
 0.0	0.00	  146.670500	   14.197766	  6.00	  146.670500	   14.197766	  6.00
 0.0	0.00	  151.768670	    5.006841	  6.00	  151.768670	    5.006830	  6.00
 0.0	0.00	  217.294800	   13.980956	  6.00	  217.294800	   13.980956	  6.00
 0.0	0.00	  157.920090	   13.834928	  6.00	  157.920090	   13.834930	  6.00
 0.0	0.00	  177.764600	    7.693721	  6.00	  177.764600	    7.693720	  6.00
 0.1	0.01	  136.315340	   10.042650	  6.00	  136.315330	   10.042640	  6.00
 2.0	0.23	  131.181580	   10.472173	  6.00	  131.181040	   10.472030	  6.00
 0.0	0.00	  159.053300	   13.449543	  6.00	  159.053300	   13.449540	  6.00
 0.0	0.00	  233.282790	   10.918109	  6.00	  233.282790	   10.918110	  6.00
 0.0	0.00	  208.023490	    5.765036	  6.00	  208.023490	    5.765040	  6.00
 0.0	0.00	  137.010310	   13.647098	  6.00	  137.010310	   13.647098	  6.00
 0.0	0.00	  236.602400	    4.489054	  6.00	  236.602400	    4.489054	  6.00
 0.1	0.01	  166.498320	    7.373627	  6.00	  166.498290	    7.373640	  6.00
 0.0	0.00	  210.647580	   14.535047	  6.00	  210.647580	   14.535047	  6.00
 0.0	0.00	  213.330550	   14.011762	  6.00	  213.330550	   14.011760	  6.00
 0.0	0.00	  148.146290	    8.199060	  6.00	  148.146300	    8.199060	  6.00
 0.0	0.00	  147.909140	   10.439712	  6.00	  147.909140	   10.439710	  6.00
 0.1	0.01	  175.113970	   15.401233	  6.00	  175.114000	   15.401220	  6.00
 0.0	0.00	  240.676240	   15.236851	  6.00	  240.676240	   15.236851	  6.00
 0.0	0.00	  239.357540	   15.908513	  6.00	  239.357540	   15.908513	  6.00
 0.0	0.00	  156.155300	   11.908059	  6.00	  156.155300	   11.908060	  6.00
 0.1	0.01	  152.417890	    5.285970	  6.00	  152.417920	    5.285980	  6.00
 0.0	0.00	  150.415440	   14.992083	  6.00	  150.415440	   14.992083	  6.00
 0.1	0.01	  150.500020	    4.790951	  6.00	  150.500010	    4.790930	  6.00
 0.0	0.00	  173.381120	   12.137324	  6.00	  173.381120	   12.137320	  6.00
 0.6	0.07	  164.570860	    4.792251	  6.00	  164.570710	    4.792190	  6.00
 2.9	0.35	  233.612220	   12.270186	  6.00	  233.612250	   12.271000	  6.00
 0.0	0.01	  160.718470	   13.741072	  6.00	  160.718460	   13.741080	  6.00
 0.0	0.00	  120.165310	    8.461042	  6.00	  120.165310	    8.461042	  6.00
 0.0	0.00	  133.140660	   13.841221	  6.00	  133.140660	   13.841221	  6.00
 0.0	0.00	  240.625110	    5.671921	  6.00	  240.625120	    5.671920	  6.00
 0.0	0.00	  137.316670	    4.113162	  6.00	  137.316670	    4.113150	  6.00
 0.0	0.00	  233.915300	   12.606396	  6.00	  233.915300	   12.606400	  6.00
 0.1	0.01	  147.651060	   12.809070	  6.00	  147.651040	   12.809080	  6.00
 0.0	0.00	  239.340080	   15.827341	  6.00	  239.340080	   15.827341	  6.00
 0.1	0.01	  121.753310	    6.198931	  6.00	  121.753330	    6.198920	  6.00
 0.0	0.00	  241.294240	   14.943457	  6.00	  241.294240	   14.943457	  6.00
 0.0	0.00	  131.134790	    9.165914	  6.00	  131.134790	    9.165910	  6.00
 9.5	1.12	  243.849890	    9.051663	  6.00	  243.852200	    9.050330	  6.00
 0.0	0.00	  148.907320	    4.476748	  6.00	  148.907320	    4.476750	  6.00
 0.1	0.01	  176.692810	   14.533054	  6.00	  176.692830	   14.533060	  6.00
 0.1	0.01	  168.302120	    5.196318	  6.00	  168.302110	    5.196330	  6.00
 0.1	0.01	  148.530440	    9.359877	  6.00	  148.530420	    9.359890	  6.00
 0.8	0.09	  242.164890	   12.010701	  6.00	  242.165080	   12.010580	  6.00
 0.5	0.05	  131.177730	    9.800736	  6.00	  131.177710	    9.800860	  6.00
 0.0	0.00	  173.784540	   15.958625	  6.00	  173.784540	   15.958630	  6.00
 6.8	0.81	  162.894820	    4.583507	  6.00	  162.896670	    4.583060	  6.00
 0.0	0.00	  215.931940	    5.876856	  6.00	  215.931940	    5.876860	  6.00
 0.2	0.02	  198.138670	    7.184281	  6.00	  198.138620	    7.184280	  6.00
 0.0	0.00	  120.959080	   10.548501	  6.00	  120.959080	   10.548500	  6.00
 0.1	0.01	  149.696400	   11.388703	  6.00	  149.696420	   11.388690	  6.00
 0.1	0.01	  209.110920	    4.396662	  6.00	  209.110900	    4.396670	  6.00
 0.2	0.02	  134.848360	   11.135245	  6.00	  134.848330	   11.135280	  6.00
 0.0	0.00	  239.335690	   15.791063	  6.00	  239.335690	   15.791063	  6.00
 0.0	0.00	  225.976340	    5.977042	  6.00	  225.976340	    5.977042	  6.00
 0.0	0.00	  147.745110	   10.801591	  6.00	  147.745110	   10.801590	  6.00
 0.0	0.00	  170.596620	   13.077808	  6.00	  170.596620	   13.077810	  6.00
 0.0	0.00	  162.487510	    8.720012	  6.00	  162.487510	    8.720012	  6.00
 0.1	0.01	  140.457520	    9.538047	  6.00	  140.457500	    9.538030	  6.00
 0.3	0.03	  153.784790	    5.243343	  6.00	  153.784870	    5.243360	  6.00
 0.0	0.00	  120.361560	   15.749896	  6.00	  120.361560	   15.749900	  6.00
 0.0	0.00	  173.008040	   14.610781	  6.00	  173.008040	   14.610780	  6.00
 0.0	0.00	  198.768540	    7.163432	  6.00	  198.768540	    7.163432	  6.00
 0.0	0.00	  209.484250	    7.433583	  6.00	  209.484250	    7.433583	  6.00
 0.2	0.02	  157.314550	    6.128129	  6.00	  157.314540	    6.128080	  6.00
 0.0	0.00	  233.638220	   15.133591	  6.00	  233.638220	   15.133591	  6.00
 0.1	0.01	  209.844740	    5.538672	  6.00	  209.844760	    5.538670	  6.00
 0.1	0.01	  141.353450	   11.073769	  6.00	  141.353460	   11.073780	  6.00
 0.7	0.08	  246.807380	   12.979566	  6.00	  246.807330	   12.979750	  6.00
 0.0	0.00	  158.522510	   15.780596	  6.00	  158.522510	   15.780596	  6.00
 0.0	0.00	  218.223050	   11.595058	  6.00	  218.223050	   11.595058	  6.00
 0.0	0.00	  241.167540	   14.628786	  6.00	  241.167540	   14.628786	  6.00
 0.0	0.00	  209.230900	   14.142252	  6.00	  209.230900	   14.142252	  6.00
 0.0	0.00	  120.732800	   15.485172	  6.00	  120.732800	   15.485170	  6.00
 2.0	0.23	  235.300000	   15.573427	  6.00	  235.300420	   15.573060	  6.00
 0.0	0.00	  121.911550	   10.980642	  6.00	  121.911550	   10.980642	  6.00
 0.1	0.01	  139.198350	    9.891321	  6.00	  139.198330	    9.891330	  6.00
 0.0	0.00	  220.428970	    5.952756	  6.00	  220.428970	    5.952760	  6.00
 0.0	0.00	  208.743580	    5.333728	  6.00	  208.743580	    5.333720	  6.00
 0.0	0.00	  143.500550	   10.029529	  6.00	  143.500540	   10.029530	  6.00
 8.2	0.97	  175.579290	   14.996219	  6.00	  175.577500	   14.994720	  6.00
 2.7	0.31	  234.400910	    5.974017	  6.00	  234.401350	    5.973420	  6.00
 0.0	0.00	  146.629260	   15.886325	  6.00	  146.629260	   15.886320	  6.00
 0.1	0.01	  197.881970	    8.743204	  6.00	  197.882000	    8.743190	  6.00
 0.0	0.00	  120.919630	   15.657498	  6.00	  120.919630	   15.657498	  6.00
 0.1	0.01	  166.763970	   12.060043	  6.00	  166.763960	   12.060060	  6.00
 0.0	0.00	  178.705510	    6.709606	  6.00	  178.705510	    6.709610	  6.00
 0.0	0.00	  241.509110	    8.506761	  6.00	  241.509110	    8.506760	  6.00
 0.3	0.04	  140.589600	    4.061260	  6.00	  140.589540	    4.061190	  6.00
 0.0	0.00	  158.678340	   11.197346	  6.00	  158.678340	   11.197350	  6.00
 0.0	0.00	  235.353690	   11.984979	  6.00	  235.353690	   11.984979	  6.00
 0.0	0.00	  122.769840	    6.298603	  6.00	  122.769840	    6.298600	  6.00
 2.5	0.30	  166.986130	    8.001318	  6.00	  166.986580	    8.000780	  6.00
 0.0	0.00	  120.865180	    9.709965	  6.00	  120.865180	    9.709965	  6.00
 0.0	0.00	  241.110260	   14.757070	  6.00	  241.110260	   14.757070	  6.00
 0.0	0.01	  150.071320	    4.888752	  6.00	  150.071310	    4.888760	  6.00
 0.0	0.00	  222.728980	    4.948916	  6.00	  222.728980	    4.948916	  6.00
 0.0	0.00	  237.936380	   12.742347	  6.00	  237.936380	   12.742350	  6.00
 3.3	0.39	  118.371660	   14.611626	  6.00	  118.371830	   14.612530	  6.00
 0.0	0.00	  245.911840	   11.786243	  6.00	  245.911840	   11.786240	  6.00
 0.0	0.00	  177.053330	   13.209376	  6.00	  177.053330	   13.209376	  6.00
 0.1	0.01	  209.603260	    6.071269	  6.00	  209.603290	    6.071280	  6.00
 0.0	0.00	  120.619950	    8.220708	  6.00	  120.619950	    8.220708	  6.00
 0.0	0.00	  210.952510	   15.402301	  6.00	  210.952510	   15.402300	  6.00
 0.0	0.00	  140.137140	   10.600311	  6.00	  140.137140	   10.600310	  6.00
 0.0	0.00	  120.158580	   13.656393	  6.00	  120.158580	   13.656393	  6.00
 0.0	0.01	  160.990410	   11.703803	  6.00	  160.990420	   11.703810	  6.00
 0.0	0.00	  241.854590	   10.425806	  6.00	  241.854590	   10.425810	  6.00
 0.0	0.00	  131.498100	   12.619904	  6.00	  131.498100	   12.619904	  6.00
 0.0	0.00	  120.544500	    9.485985	  6.00	  120.544500	    9.485990	  6.00
 0.0	0.00	  131.666520	   13.213685	  6.00	  131.666520	   13.213690	  6.00
 0.1	0.01	  143.611030	    9.916457	  6.00	  143.611030	    9.916440	  6.00
 0.0	0.01	  208.911470	    4.985050	  6.00	  208.911460	    4.985060	  6.00
 0.0	0.00	  120.488400	    8.551880	  6.00	  120.488400	    8.551880	  6.00
 0.0	0.00	  177.183330	   14.052907	  6.00	  177.183330	   14.052910	  6.00
 0.0	0.00	  200.028830	   14.543265	  6.00	  200.028830	   14.543260	  6.00
 0.0	0.00	  137.343930	   15.613664	  6.00	  137.343930	   15.613664	  6.00
 0.0	0.00	  235.775330	   15.770491	  6.00	  235.775330	   15.770490	  6.00
 0.0	0.00	  239.418860	   15.874586	  6.00	  239.418860	   15.874586	  6.00
 0.0	0.00	  215.544640	   13.918064	  6.00	  215.544640	   13.918060	  6.00
 0.0	0.00	  215.628240	   11.304878	  6.00	  215.628240	   11.304880	  6.00
 0.0	0.00	  163.016130	   10.148311	  6.00	  163.016130	   10.148310	  6.00
 0.0	0.00	  241.361770	   15.025336	  6.00	  241.361770	   15.025340	  6.00
 0.0	0.00	  176.273020	    8.469512	  6.00	  176.273020	    8.469510	  6.00
 0.0	0.00	  210.554320	    8.037105	  6.00	  210.554320	    8.037110	  6.00
 0.1	0.01	  179.010280	    6.677952	  6.00	  179.010290	    6.677940	  6.00
 0.0	0.00	  120.393700	    9.304851	  6.00	  120.393700	    9.304851	  6.00
 0.0	0.00	  242.737410	   10.016609	  6.00	  242.737410	   10.016609	  6.00
 0.0	0.00	  119.551830	   11.020602	  6.00	  119.551830	   11.020600	  6.00
 0.0	0.00	  219.255360	    8.317901	  6.00	  219.255360	    8.317900	  6.00
 0.0	0.00	  144.046530	    7.991902	  6.00	  144.046520	    7.991900	  6.00
 0.0	0.00	  234.558440	    7.461863	  6.00	  234.558440	    7.461863	  6.00
 0.0	0.00	  163.427890	    9.727928	  6.00	  163.427890	    9.727930	  6.00
 0.0	0.00	  121.407040	    6.993172	  6.00	  121.407040	    6.993170	  6.00
 0.0	0.00	  120.643840	    9.671571	  6.00	  120.643840	    9.671571	  6.00
 0.0	0.00	  130.190380	   13.706766	  6.00	  130.190380	   13.706766	  6.00
 0.0	0.00	  141.314270	   10.886727	  6.00	  141.314270	   10.886730	  6.00
 0.1	0.01	  240.457150	    8.148284	  6.00	  240.457170	    8.148280	  6.00
 0.1	0.01	  174.806410	   15.037701	  6.00	  174.806420	   15.037690	  6.00
 0.0	0.00	  134.100390	   13.182282	  6.00	  134.100390	   13.182280	  6.00
 1.1	0.13	  125.507940	    4.392573	  6.00	  125.508210	    4.392730	  6.00
 0.0	0.00	  176.748740	   13.873430	  6.00	  176.748740	   13.873430	  6.00
 0.0	0.00	  211.275100	    9.339174	  6.00	  211.275100	    9.339170	  6.00
 0.0	0.00	  151.224620	    5.062634	  6.00	  151.224610	    5.062640	  6.00
 0.0	0.00	  120.346380	   15.369260	  6.00	  120.346380	   15.369260	  6.00
 0.5	0.06	  211.784200	   12.588230	  6.00	  211.784150	   12.588090	  6.00
 0.0	0.00	  240.333250	    8.835945	  6.00	  240.333250	    8.835940	  6.00
 0.0	0.00	  211.250790	   13.131891	  6.00	  211.250790	   13.131890	  6.00
 0.0	0.00	  173.548650	   12.512314	  6.00	  173.548650	   12.512310	  6.00
 0.0	0.00	  119.907540	   13.433544	  6.00	  119.907540	   13.433544	  6.00
 0.0	0.00	  210.287200	    8.583695	  6.00	  210.287200	    8.583690	  6.00
 0.0	0.00	  133.980840	   13.229685	  6.00	  133.980840	   13.229690	  6.00
 0.0	0.00	  143.511590	   10.108707	  6.00	  143.511590	   10.108707	  6.00
 0.0	0.00	  234.715420	   12.080651	  6.00	  234.715420	   12.080650	  6.00
 0.0	0.00	  141.060700	   11.110602	  6.00	  141.060700	   11.110600	  6.00
 0.0	0.00	  120.156320	   13.697345	  6.00	  120.156320	   13.697350	  6.00
 0.0	0.00	  211.632970	    6.029691	  6.00	  211.632960	    6.029690	  6.00
 3.7	0.43	  147.746260	    4.273244	  6.00	  147.746250	    4.272220	  6.00
 0.0	0.00	  120.026220	   13.152123	  6.00	  120.026220	   13.152120	  6.00
 0.0	0.00	  241.520180	   14.417885	  6.00	  241.520180	   14.417885	  6.00
 0.0	0.00	  120.759630	   15.318035	  6.00	  120.759630	   15.318030	  6.00
 0.2	0.02	  233.429470	   15.007251	  6.00	  233.429420	   15.007280	  6.00
 0.0	0.00	  149.627320	   10.182997	  6.00	  149.627330	   10.183000	  6.00
 0.0	0.00	  120.491970	    9.390061	  6.00	  120.491970	    9.390061	  6.00
 2.5	0.30	  233.532620	   14.395634	  6.00	  233.532920	   14.395000	  6.00
 0.1	0.01	  146.097880	   11.231296	  6.00	  146.097870	   11.231310	  6.00
 0.0	0.00	  241.197620	   14.287164	  6.00	  241.197620	   14.287160	  6.00
 0.0	0.00	  210.846440	    9.448089	  6.00	  210.846440	    9.448089	  6.00
 0.0	0.00	  212.259650	   14.317005	  6.00	  212.259650	   14.317005	  6.00
 0.0	0.00	  147.775130	    9.008604	  6.00	  147.775130	    9.008600	  6.00
 0.5	0.06	  120.378120	    9.707750	  6.00	  120.378210	    9.707640	  6.00
 0.0	0.00	  158.070270	   15.621745	  6.00	  158.070270	   15.621745	  6.00
 0.0	0.00	  139.062040	    6.341261	  6.00	  139.062040	    6.341250	  6.00
 3.7	0.44	  176.278100	    9.502410	  6.00	  176.277800	    9.501423	  6.00
 0.0	0.00	  243.820940	   13.025855	  6.00	  243.820940	   13.025855	  6.00
 0.0	0.00	  240.699640	    6.875186	  6.00	  240.699640	    6.875186	  6.00
 0.0	0.00	  176.181180	   11.207314	  6.00	  176.181170	   11.207310	  6.00
 0.2	0.02	  146.555880	    8.934897	  6.00	  146.555920	    8.934920	  6.00
 0.0	0.00	  130.607600	    6.594057	  6.00	  130.607600	    6.594060	  6.00
 0.0	0.00	  146.460360	    8.909331	  6.00	  146.460370	    8.909330	  6.00
 0.0	0.00	  166.110340	   11.756356	  6.00	  166.110330	   11.756360	  6.00
 0.0	0.00	  131.740310	   13.431331	  6.00	  131.740310	   13.431331	  6.00
 0.0	0.00	  176.183560	   15.027784	  6.00	  176.183560	   15.027780	  6.00
 0.0	0.00	  140.312420	    9.731181	  6.00	  140.312420	    9.731190	  6.00
 0.1	0.01	  131.831860	    5.897907	  6.00	  131.831850	    5.897930	  6.00
 0.0	0.00	  135.943760	   12.734658	  6.00	  135.943760	   12.734658	  6.00
 0.0	0.00	  217.219780	   12.581677	  6.00	  217.219780	   12.581680	  6.00
 0.0	0.00	  136.867350	   15.426286	  6.00	  136.867350	   15.426286	  6.00
 0.1	0.01	  137.100080	    6.951502	  6.00	  137.100060	    6.951530	  6.00
 0.0	0.00	  174.053830	   15.733140	  6.00	  174.053830	   15.733140	  6.00
 0.0	0.00	  134.642400	   13.928279	  6.00	  134.642400	   13.928279	  6.00
 0.0	0.00	  153.112600	   12.343749	  6.00	  153.112600	   12.343750	  6.00
 0.0	0.01	  147.404340	    9.495089	  6.00	  147.404330	    9.495080	  6.00
 0.0	0.00	  231.129610	   12.876231	  6.00	  231.129610	   12.876231	  6.00
 0.0	0.00	  234.046110	    7.856960	  6.00	  234.046110	    7.856960	  6.00
 0.0	0.00	  151.795750	   12.651358	  6.00	  151.795750	   12.651360	  6.00
 0.1	0.01	  224.536610	    6.746517	  6.00	  224.536580	    6.746530	  6.00
 0.0	0.01	  212.763840	   10.556432	  6.00	  212.763830	   10.556440	  6.00
 0.0	0.00	  234.839780	   13.692195	  6.00	  234.839780	   13.692195	  6.00
 0.4	0.05	  220.761750	    4.765572	  6.00	  220.761800	    4.765670	  6.00
 0.0	0.00	  135.595440	   12.998105	  6.00	  135.595440	   12.998105	  6.00
 0.1	0.01	  217.702770	    7.157203	  6.00	  217.702790	    7.157190	  6.00
 0.0	0.00	  218.847090	    9.501417	  6.00	  218.847080	    9.501420	  6.00
 0.0	0.00	  130.693460	   10.556753	  6.00	  130.693460	   10.556753	  6.00
 0.0	0.00	  239.153510	    6.194064	  6.00	  239.153510	    6.194060	  6.00
 0.1	0.01	  171.272610	    4.121003	  6.00	  171.272630	    4.121000	  6.00
 0.0	0.00	  236.733210	   13.458824	  6.00	  236.733210	   13.458824	  6.00
 0.0	0.00	  232.737940	   11.285360	  6.00	  232.737940	   11.285360	  6.00
 0.1	0.01	  206.816640	   13.177171	  6.00	  206.816670	   13.177170	  6.00
 0.0	0.00	  146.339140	   14.579940	  6.00	  146.339140	   14.579940	  6.00
 0.1	0.01	  232.540570	    9.680839	  6.00	  232.540540	    9.680830	  6.00
 0.1	0.01	  169.911090	   11.445371	  6.00	  169.911080	   11.445360	  6.00
 0.6	0.07	  155.786240	    8.979869	  6.00	  155.786370	    8.979780	  6.00
 0.0	0.00	  240.971650	   14.510548	  6.00	  240.971650	   14.510548	  6.00
 0.1	0.01	  211.136680	   11.189796	  6.00	  211.136670	   11.189810	  6.00
 0.1	0.01	  119.986560	   13.842530	  6.00	  119.986540	   13.842530	  6.00
 0.0	0.00	  214.722820	    9.291306	  6.00	  214.722820	    9.291310	  6.00
 0.0	0.00	  214.680860	   13.585921	  6.00	  214.680870	   13.585920	  6.00
 0.0	0.00	  235.797820	   15.414750	  6.00	  235.797820	   15.414750	  6.00
 0.3	0.03	  150.289430	    8.782113	  6.00	  150.289500	    8.782080	  6.00
 0.0	0.00	  161.761510	   13.567084	  6.00	  161.761510	   13.567080	  6.00
 0.1	0.01	  171.185420	   15.275406	  6.00	  171.185420	   15.275420	  6.00
 0.0	0.00	  219.089310	   15.250019	  6.00	  219.089310	   15.250019	  6.00
 0.0	0.00	  157.168680	   15.220495	  6.00	  157.168680	   15.220495	  6.00
 1.7	0.20	  133.970690	   13.563050	  6.00	  133.970330	   13.563360	  6.00
 0.0	0.00	  219.321710	    8.038287	  6.00	  219.321710	    8.038280	  6.00
 0.4	0.04	  150.966120	   11.100061	  6.00	  150.966040	   11.100000	  6.00
 2.2	0.26	  234.952550	    8.446499	  6.00	  234.952080	    8.446110	  6.00
 0.0	0.00	  211.444610	    7.697912	  6.00	  211.444610	    7.697912	  6.00
 0.2	0.02	  169.556470	    4.691853	  6.00	  169.556510	    4.691820	  6.00
 0.1	0.01	  177.733300	   14.594843	  6.00	  177.733290	   14.594830	  6.00
 0.0	0.00	  219.593990	    4.613272	  6.00	  219.593990	    4.613280	  6.00
 0.0	0.00	  148.873750	    8.390632	  6.00	  148.873750	    8.390632	  6.00
 0.0	0.00	  242.112630	   10.896037	  6.00	  242.112630	   10.896037	  6.00
 0.1	0.01	  214.727650	   13.814511	  6.00	  214.727620	   13.814500	  6.00
 0.0	0.00	  228.532280	    6.917886	  6.00	  228.532280	    6.917886	  6.00
 0.0	0.00	  148.648780	    4.385527	  6.00	  148.648790	    4.385530	  6.00
 1.0	0.11	  143.085770	   10.099782	  6.00	  143.085500	   10.099830	  6.00
 0.1	0.01	  176.995970	   10.140504	  6.00	  176.996000	   10.140500	  6.00
 0.1	0.01	  170.486530	   10.498704	  6.00	  170.486530	   10.498720	  6.00
 0.0	0.00	  120.075910	   13.548415	  6.00	  120.075910	   13.548415	  6.00
 0.2	0.02	  167.605070	   10.125340	  6.00	  167.605110	   10.125320	  6.00
 0.0	0.00	  232.187680	    4.405733	  6.00	  232.187680	    4.405733	  6.00
 0.0	0.00	  152.929640	    5.053785	  6.00	  152.929650	    5.053780	  6.00
 0.0	0.00	  156.674920	   11.897225	  6.00	  156.674920	   11.897220	  6.00
 0.1	0.01	  149.052930	   15.610293	  6.00	  149.052920	   15.610280	  6.00
 1.1	0.13	  147.024650	    7.128817	  6.00	  147.024540	    7.129110	  6.00
 0.0	0.00	  168.687580	   12.647699	  6.00	  168.687580	   12.647700	  6.00
 0.2	0.03	  166.725930	    7.781642	  6.00	  166.725870	    7.781630	  6.00
 0.0	0.00	  157.103050	    6.238583	  6.00	  157.103050	    6.238580	  6.00
 1.0	0.12	  123.059500	    4.073270	  6.00	  123.059330	    4.073500	  6.00
 0.0	0.00	  150.773130	   11.446387	  6.00	  150.773130	   11.446390	  6.00
 0.0	0.00	  237.774540	   12.672028	  6.00	  237.774540	   12.672028	  6.00
 0.0	0.00	  210.813780	    9.429160	  6.00	  210.813780	    9.429160	  6.00
 0.0	0.00	  120.913550	    8.910003	  6.00	  120.913550	    8.910003	  6.00
 0.1	0.01	  204.552510	   15.863216	  6.00	  204.552500	   15.863190	  6.00
 0.6	0.07	  155.819450	    9.224954	  6.00	  155.819310	    9.225040	  6.00
 0.1	0.01	  143.473150	    9.204695	  6.00	  143.473170	    9.204670	  6.00
 0.0	0.00	  166.565560	   12.665803	  6.00	  166.565560	   12.665800	  6.00
 0.0	0.00	  173.581460	   13.321998	  6.00	  173.581460	   13.322000	  6.00
 0.1	0.01	  146.880820	   10.492099	  6.00	  146.880830	   10.492110	  6.00
 0.0	0.00	  214.831240	   15.810670	  6.00	  214.831240	   15.810670	  6.00
 0.1	0.01	  201.889890	   11.730170	  6.00	  201.889870	   11.730170	  6.00
 0.2	0.02	  164.574860	    4.660694	  6.00	  164.574820	    4.660730	  6.00
 0.2	0.02	  145.678670	    9.456116	  6.00	  145.678710	    9.456140	  6.00
 0.0	0.00	  158.221590	   13.008809	  6.00	  158.221590	   13.008810	  6.00
 0.2	0.02	  148.847850	    5.314877	  6.00	  148.847830	    5.314830	  6.00
 0.1	0.01	  150.244070	   11.754043	  6.00	  150.244040	   11.754060	  6.00
 0.2	0.03	  221.584210	    4.732911	  6.00	  221.584210	    4.732980	  6.00
 0.0	0.00	  177.417080	   12.393978	  6.00	  177.417080	   12.393970	  6.00
 0.0	0.00	  203.939700	    8.969072	  6.00	  203.939700	    8.969070	  6.00
 0.1	0.01	  148.502540	    8.777440	  6.00	  148.502520	    8.777460	  6.00
 0.0	0.00	  243.636060	   10.346002	  6.00	  243.636060	   10.346002	  6.00
 0.0	0.00	  176.029090	   13.340868	  6.00	  176.029090	   13.340870	  6.00
 0.0	0.00	  216.391630	   13.816486	  6.00	  216.391630	   13.816490	  6.00
 0.0	0.00	  146.773920	    9.851613	  6.00	  146.773920	    9.851610	  6.00
 5.7	0.67	  156.443560	    5.651945	  6.00	  156.443170	    5.653470	  6.00
 0.0	0.00	  239.104210	   15.755653	  6.00	  239.104210	   15.755653	  6.00
 0.0	0.00	  119.771940	   12.419795	  6.00	  119.771940	   12.419795	  6.00
 0.0	0.00	  214.656740	   13.709650	  6.00	  214.656740	   13.709650	  6.00
 0.0	0.00	  138.913080	   13.582500	  6.00	  138.913080	   13.582500	  6.00
 0.0	0.00	  120.304280	   11.623539	  6.00	  120.304280	   11.623539	  6.00
 0.0	0.00	  154.323210	   12.664172	  6.00	  154.323210	   12.664170	  6.00
 0.0	0.00	  159.236500	   13.934215	  6.00	  159.236500	   13.934220	  6.00
 0.1	0.01	  169.816140	   14.290224	  6.00	  169.816120	   14.290220	  6.00
 0.0	0.00	  198.432300	   12.771334	  6.00	  198.432300	   12.771330	  6.00
 0.0	0.00	  164.408950	   13.979035	  6.00	  164.408960	   13.979030	  6.00
 0.1	0.01	  140.443440	    4.964339	  6.00	  140.443450	    4.964320	  6.00
 0.0	0.00	  143.200480	   12.279373	  6.00	  143.200480	   12.279373	  6.00
 0.0	0.00	  235.714500	    9.153538	  6.00	  235.714500	    9.153538	  6.00
 0.1	0.01	  161.188830	    7.998827	  6.00	  161.188850	    7.998810	  6.00
 0.0	0.00	  236.540520	    6.898473	  6.00	  236.540520	    6.898470	  6.00
 0.1	0.01	  159.190140	   13.595896	  6.00	  159.190120	   13.595890	  6.00
 0.0	0.00	  228.966320	    8.048088	  6.00	  228.966320	    8.048088	  6.00
 0.0	0.00	  243.714550	    9.673321	  6.00	  243.714550	    9.673321	  6.00
 0.0	0.00	  167.091760	    5.890613	  6.00	  167.091750	    5.890610	  6.00
 0.0	0.00	  246.295350	   11.880133	  6.00	  246.295350	   11.880133	  6.00
 0.0	0.00	  158.129080	   14.650580	  6.00	  158.129080	   14.650580	  6.00
 0.1	0.01	  211.438010	   13.790918	  6.00	  211.438040	   13.790920	  6.00
 0.0	0.00	  230.232040	   10.491678	  6.00	  230.232040	   10.491670	  6.00
 0.1	0.01	  221.984350	    5.405970	  6.00	  221.984330	    5.405970	  6.00
 0.0	0.00	  146.833120	   12.396495	  6.00	  146.833120	   12.396500	  6.00
 0.0	0.01	  145.234590	    5.044602	  6.00	  145.234580	    5.044610	  6.00
 0.1	0.01	  230.931030	   10.929213	  6.00	  230.931000	   10.929220	  6.00
 0.0	0.00	  210.196660	    9.560349	  6.00	  210.196660	    9.560349	  6.00
 0.5	0.06	  157.684550	    6.126945	  6.00	  157.684540	    6.127080	  6.00
 0.0	0.00	  121.640850	    7.782276	  6.00	  121.640850	    7.782276	  6.00
 0.0	0.00	  232.236570	   13.213389	  6.00	  232.236570	   13.213389	  6.00
 0.0	0.00	  209.612350	   14.531040	  6.00	  209.612350	   14.531040	  6.00
 0.8	0.09	  152.585500	    7.753781	  6.00	  152.585710	    7.753720	  6.00
 0.0	0.00	  143.092340	    7.302286	  6.00	  143.092340	    7.302290	  6.00
 0.0	0.00	  120.195910	    8.638900	  6.00	  120.195910	    8.638900	  6.00
 0.4	0.05	  149.674160	    5.264379	  6.00	  149.674040	    5.264360	  6.00
 0.0	0.00	  219.935250	    5.353312	  6.00	  219.935250	    5.353310	  6.00
 0.0	0.00	  211.416890	   13.374997	  6.00	  211.416880	   13.375000	  6.00
 0.1	0.01	  219.801860	    9.134942	  6.00	  219.801830	    9.134940	  6.00
 0.0	0.00	  177.300970	   12.631586	  6.00	  177.300960	   12.631580	  6.00
 0.0	0.00	  230.247810	   12.181495	  6.00	  230.247810	   12.181495	  6.00
 0.0	0.00	  153.287360	   13.422066	  6.00	  153.287370	   13.422060	  6.00
 0.0	0.00	  216.101350	    8.276142	  6.00	  216.101350	    8.276140	  6.00
 0.0	0.00	  222.143420	    5.431253	  6.00	  222.143420	    5.431250	  6.00
 0.1	0.01	  152.641340	   12.594373	  6.00	  152.641330	   12.594360	  6.00
 0.0	0.00	  239.806610	    6.787578	  6.00	  239.806610	    6.787580	  6.00
 0.1	0.01	  176.537340	   12.879600	  6.00	  176.537330	   12.879610	  6.00
 0.2	0.02	  171.416640	    4.676512	  6.00	  171.416690	    4.676530	  6.00
 0.0	0.00	  120.514450	   15.710700	  6.00	  120.514450	   15.710700	  6.00
 0.1	0.02	  143.708510	   10.067076	  6.00	  143.708500	   10.067040	  6.00
 0.0	0.00	  141.981540	   14.766521	  6.00	  141.981540	   14.766521	  6.00
 0.0	0.00	  152.643930	    5.232905	  6.00	  152.643920	    5.232910	  6.00
 0.0	0.00	  220.126700	   14.477458	  6.00	  220.126700	   14.477458	  6.00
 0.0	0.01	  121.803490	    7.017069	  6.00	  121.803500	    7.017060	  6.00
 0.0	0.00	  147.045390	   14.553672	  6.00	  147.045390	   14.553672	  6.00
 0.0	0.00	  130.274630	    9.791712	  6.00	  130.274630	    9.791712	  6.00
 0.0	0.00	  142.465990	   11.926611	  6.00	  142.466000	   11.926610	  6.00
 0.0	0.00	  121.636630	   10.130069	  6.00	  121.636630	   10.130069	  6.00
 0.0	0.00	  193.417530	    4.075635	  6.00	  193.417530	    4.075630	  6.00
 0.1	0.01	  174.286650	   13.251369	  6.00	  174.286670	   13.251360	  6.00
 0.0	0.00	  174.981270	   13.467234	  6.00	  174.981270	   13.467230	  6.00
 2.3	0.27	  151.779890	   15.984063	  6.00	  151.780420	   15.984440	  6.00
 0.0	0.00	  121.643270	   12.666973	  6.00	  121.643270	   12.666973	  6.00
 0.1	0.01	  155.769310	   11.122015	  6.00	  155.769330	   11.122030	  6.00
 0.0	0.00	  234.897590	   13.666575	  6.00	  234.897590	   13.666575	  6.00
 0.4	0.05	  155.058040	    6.802537	  6.00	  155.058120	    6.802630	  6.00
 0.0	0.00	  174.517420	   13.199995	  6.00	  174.517420	   13.200000	  6.00
 0.1	0.01	  141.077600	    4.237818	  6.00	  141.077580	    4.237810	  6.00
 0.1	0.01	  218.783730	   13.149142	  6.00	  218.783750	   13.149140	  6.00
 0.0	0.00	  172.787040	   13.570396	  6.00	  172.787040	   13.570390	  6.00
 0.0	0.00	  166.383470	   12.362018	  6.00	  166.383470	   12.362020	  6.00
 0.1	0.02	  175.236420	   14.074218	  6.00	  175.236460	   14.074220	  6.00
 0.2	0.02	  152.322350	    5.404036	  6.00	  152.322370	    5.404080	  6.00
 0.0	0.00	  245.945000	   11.739800	  6.00	  245.945000	   11.739800	  6.00
 0.0	0.00	  120.550570	    8.938131	  6.00	  120.550570	    8.938131	  6.00
 0.0	0.01	  158.733880	   11.492377	  6.00	  158.733880	   11.492390	  6.00
 0.0	0.00	  162.944490	   13.976544	  6.00	  162.944490	   13.976540	  6.00
 0.1	0.02	  147.679810	    9.951060	  6.00	  147.679790	    9.951030	  6.00
 0.0	0.00	  241.207300	   14.877864	  6.00	  241.207300	   14.877864	  6.00
 0.0	0.00	  233.782900	   12.337069	  6.00	  233.782900	   12.337069	  6.00
 0.0	0.00	  135.261600	   11.553727	  6.00	  135.261600	   11.553727	  6.00
 1.3	0.15	  209.267890	   14.101811	  6.00	  209.267650	   14.101530	  6.00
 0.0	0.00	  151.463670	    5.006215	  6.00	  151.463670	    5.006220	  6.00
 0.0	0.00	  153.495460	    7.024004	  6.00	  153.495460	    7.024000	  6.00
 0.0	0.00	  239.981090	    6.884081	  6.00	  239.981080	    6.884080	  6.00
 0.0	0.00	  131.355860	   15.329457	  6.00	  131.355860	   15.329457	  6.00
 0.4	0.05	  138.212030	    6.475877	  6.00	  138.212120	    6.475810	  6.00
 0.0	0.00	  241.143190	   14.931070	  6.00	  241.143190	   14.931070	  6.00
 0.1	0.01	  144.502720	    6.924388	  6.00	  144.502750	    6.924370	  6.00
 0.0	0.00	  238.687800	   14.584015	  6.00	  238.687800	   14.584015	  6.00
 0.0	0.00	  139.731350	   13.820147	  6.00	  139.731350	   13.820147	  6.00
 0.2	0.02	  145.578910	    4.689394	  6.00	  145.578960	    4.689390	  6.00
 0.0	0.00	  130.652430	   10.553878	  6.00	  130.652430	   10.553878	  6.00
 0.0	0.00	  169.675780	   12.561608	  6.00	  169.675780	   12.561608	  6.00
 3.8	0.45	  201.754930	   10.055933	  6.00	  201.755900	   10.056390	  6.00
 0.0	0.00	  138.194460	    8.938882	  6.00	  138.194460	    8.938882	  6.00
 0.0	0.00	  218.404930	   11.217305	  6.00	  218.404930	   11.217300	  6.00
 0.0	0.00	  177.074550	   12.725879	  6.00	  177.074550	   12.725880	  6.00
 0.0	0.00	  144.358700	    8.689279	  6.00	  144.358710	    8.689280	  6.00
 0.0	0.00	  236.452570	   15.516478	  6.00	  236.452570	   15.516478	  6.00
 0.0	0.00	  121.732060	    6.554147	  6.00	  121.732060	    6.554150	  6.00
 0.0	0.00	  170.906740	   12.895786	  6.00	  170.906740	   12.895790	  6.00
 0.0	0.00	  142.442390	    8.043285	  6.00	  142.442380	    8.043280	  6.00
 0.0	0.00	  125.608030	    4.163253	  6.00	  125.608030	    4.163250	  6.00
 0.0	0.00	  130.635950	   14.288252	  6.00	  130.635950	   14.288252	  6.00
 0.0	0.00	  213.321040	   14.027099	  6.00	  213.321040	   14.027100	  6.00
 0.0	0.00	  141.316180	   11.596885	  6.00	  141.316180	   11.596890	  6.00
 0.0	0.00	  241.405080	   14.411480	  6.00	  241.405080	   14.411480	  6.00
 0.0	0.00	  169.516140	   10.244444	  6.00	  169.516130	   10.244450	  6.00
 0.0	0.01	  162.249090	   10.835411	  6.00	  162.249080	   10.835420	  6.00
 0.1	0.02	  158.661600	    7.031550	  6.00	  158.661620	    7.031580	  6.00
 0.0	0.00	  160.420700	   13.824877	  6.00	  160.420700	   13.824880	  6.00
 0.1	0.01	  177.379320	   15.261037	  6.00	  177.379290	   15.261030	  6.00
 0.0	0.00	  143.280010	   10.178286	  6.00	  143.280010	   10.178280	  6.00
 0.0	0.00	  211.066010	    4.112179	  6.00	  211.066010	    4.112190	  6.00
 0.0	0.00	  120.575570	   15.451955	  6.00	  120.575570	   15.451955	  6.00
 0.1	0.01	  151.850230	    5.325283	  6.00	  151.850250	    5.325310	  6.00
 2.9	0.34	  232.912660	   15.591671	  6.00	  232.912790	   15.592470	  6.00
 0.0	0.00	  203.904870	   14.360954	  6.00	  203.904870	   14.360950	  6.00
 0.0	0.00	  137.773220	    9.349556	  6.00	  137.773220	    9.349560	  6.00
 1.1	0.13	  209.348480	    5.573828	  6.00	  209.348210	    5.573670	  6.00
 0.0	0.00	  243.443270	    9.633552	  6.00	  243.443270	    9.633552	  6.00
 1.1	0.13	  241.327110	   15.166315	  6.00	  241.326830	   15.166440	  6.00
 0.0	0.00	  141.162830	   11.329146	  6.00	  141.162830	   11.329140	  6.00
 0.0	0.00	  223.181320	   11.672219	  6.00	  223.181320	   11.672220	  6.00
 0.1	0.01	  215.181420	    4.143631	  6.00	  215.181440	    4.143630	  6.00
 0.0	0.00	  235.276460	    4.752828	  6.00	  235.276460	    4.752828	  6.00
 0.0	0.00	  210.137120	    8.994931	  6.00	  210.137120	    8.994931	  6.00
 0.1	0.01	  162.756260	   13.333485	  6.00	  162.756290	   13.333470	  6.00
 0.1	0.01	  211.156340	   13.214264	  6.00	  211.156330	   13.214280	  6.00
 0.0	0.00	  206.277170	    6.519567	  6.00	  206.277170	    6.519567	  6.00
 0.0	0.00	  143.389560	   10.387321	  6.00	  143.389560	   10.387320	  6.00
 0.0	0.00	  151.888300	   13.106561	  6.00	  151.888300	   13.106560	  6.00
 0.0	0.00	  142.067360	   11.077058	  6.00	  142.067370	   11.077060	  6.00
 0.0	0.00	  211.768210	   10.712578	  6.00	  211.768210	   10.712580	  6.00
 0.0	0.00	  213.428830	   13.987122	  6.00	  213.428830	   13.987120	  6.00
 0.0	0.00	  125.556560	    4.197696	  6.00	  125.556550	    4.197700	  6.00
 0.2	0.02	  158.005380	    4.346101	  6.00	  158.005330	    4.346080	  6.00
 0.0	0.00	  120.418260	    8.789202	  6.00	  120.418260	    8.789202	  6.00
 0.0	0.00	  241.142090	   10.951197	  6.00	  241.142090	   10.951197	  6.00
 0.0	0.00	  141.452070	   11.454235	  6.00	  141.452070	   11.454230	  6.00
 0.0	0.00	  241.079660	   14.759983	  6.00	  241.079660	   14.759983	  6.00
 0.1	0.01	  217.529890	    8.704469	  6.00	  217.529920	    8.704470	  6.00
 0.0	0.00	  155.409370	   12.576123	  6.00	  155.409370	   12.576123	  6.00
 0.1	0.01	  207.928790	    5.446501	  6.00	  207.928790	    5.446520	  6.00
 0.0	0.01	  120.727840	   14.425273	  6.00	  120.727830	   14.425280	  6.00
 0.0	0.00	  168.817330	   14.698611	  6.00	  168.817330	   14.698610	  6.00
 0.0	0.00	  160.610460	   13.957149	  6.00	  160.610460	   13.957150	  6.00
 0.0	0.01	  142.983070	    7.536200	  6.00	  142.983080	    7.536190	  6.00
 0.0	0.00	  142.951670	   10.408254	  6.00	  142.951670	   10.408250	  6.00
 0.0	0.00	  150.016430	    4.812522	  6.00	  150.016420	    4.812520	  6.00
 0.0	0.00	  120.945270	    9.711756	  6.00	  120.945270	    9.711756	  6.00
 0.0	0.00	  239.465000	   15.844434	  6.00	  239.465000	   15.844434	  6.00
 0.0	0.00	  138.738900	    6.005168	  6.00	  138.738890	    6.005170	  6.00
 0.0	0.00	  163.019970	   15.030458	  6.00	  163.019970	   15.030460	  6.00
 0.0	0.00	  158.954090	    8.483318	  6.00	  158.954090	    8.483318	  6.00
 0.1	0.01	  155.859720	   12.595152	  6.00	  155.859750	   12.595140	  6.00
 0.1	0.01	  176.342080	    9.162115	  6.00	  176.342100	    9.162140	  6.00
 0.0	0.00	  126.626830	   11.786083	  6.00	  126.626830	   11.786083	  6.00
 0.0	0.00	  176.733070	   15.940085	  6.00	  176.733070	   15.940080	  6.00
 0.1	0.01	  169.254920	    4.662273	  6.00	  169.254900	    4.662280	  6.00
 0.1	0.01	  206.989350	    4.314046	  6.00	  206.989370	    4.314060	  6.00
 0.0	0.00	  120.374150	   15.714392	  6.00	  120.374150	   15.714392	  6.00
 0.0	0.01	  169.809960	   11.952158	  6.00	  169.809960	   11.952170	  6.00
 0.0	0.00	  210.563550	    8.006394	  6.00	  210.563550	    8.006394	  6.00
 0.0	0.00	  143.433760	    9.710854	  6.00	  143.433750	    9.710860	  6.00
 0.0	0.00	  176.494660	   13.791227	  6.00	  176.494660	   13.791230	  6.00
 0.0	0.00	  146.154670	   10.012885	  6.00	  146.154670	   10.012880	  6.00
 0.0	0.00	  245.223230	   10.563788	  6.00	  245.223230	   10.563788	  6.00
 2.4	0.28	  168.216700	   10.200004	  6.00	  168.216040	   10.200170	  6.00
 0.1	0.01	  143.032350	   10.237059	  6.00	  143.032330	   10.237060	  6.00
 0.1	0.01	  217.312440	    5.985383	  6.00	  217.312460	    5.985390	  6.00
 0.0	0.00	  176.133630	    6.704015	  6.00	  176.133630	    6.704015	  6.00
 0.0	0.00	  133.958230	   13.158306	  6.00	  133.958230	   13.158306	  6.00
 0.0	0.00	  241.110540	   14.722185	  6.00	  241.110540	   14.722185	  6.00
 0.2	0.02	  212.406920	    5.096229	  6.00	  212.406880	    5.096270	  6.00
 0.0	0.00	  147.676520	    8.731556	  6.00	  147.676510	    8.731560	  6.00
 0.0	0.00	  209.581170	    6.256827	  6.00	  209.581170	    6.256827	  6.00
 0.1	0.01	  148.245160	    8.029011	  6.00	  148.245130	    8.029000	  6.00
 0.0	0.00	  162.579010	   13.271856	  6.00	  162.579010	   13.271860	  6.00
 0.1	0.01	  167.347140	   10.834094	  6.00	  167.347130	   10.834080	  6.00
 0.0	0.00	  198.447110	   10.053086	  6.00	  198.447110	   10.053090	  6.00
 0.0	0.00	  215.503920	   11.380560	  6.00	  215.503920	   11.380560	  6.00
 0.4	0.05	  209.088930	    5.328975	  6.00	  209.088820	    5.328960	  6.00
 0.0	0.00	  162.223970	   14.124524	  6.00	  162.223970	   14.124520	  6.00
 0.0	0.01	  203.528920	    9.262018	  6.00	  203.528920	    9.262030	  6.00
 0.0	0.00	  219.170590	   11.576879	  6.00	  219.170590	   11.576880	  6.00
 0.0	0.00	  162.837100	   12.848920	  6.00	  162.837100	   12.848920	  6.00
 0.0	0.00	  120.416790	    8.589649	  6.00	  120.416790	    8.589649	  6.00
 0.6	0.07	  145.759220	    5.028932	  6.00	  145.759080	    5.029030	  6.00
 2.6	0.31	  234.591370	   12.960586	  6.00	  234.592080	   12.960830	  6.00
 0.0	0.00	  209.680580	    6.500959	  6.00	  209.680580	    6.500959	  6.00
 0.0	0.00	  120.448740	    9.605455	  6.00	  120.448740	    9.605455	  6.00
 0.0	0.00	  203.657450	    8.793605	  6.00	  203.657460	    8.793610	  6.00
 0.0	0.00	  161.147000	   13.939648	  6.00	  161.147000	   13.939650	  6.00
 0.0	0.00	  143.036720	    8.469667	  6.00	  143.036720	    8.469660	  6.00
 0.1	0.01	  209.231580	    5.151896	  6.00	  209.231580	    5.151880	  6.00
 0.2	0.02	  170.546130	    4.661513	  6.00	  170.546120	    4.661560	  6.00
 0.0	0.00	  162.880610	   14.114770	  6.00	  162.880610	   14.114770	  6.00
 0.0	0.00	  204.711560	    8.108076	  6.00	  204.711560	    8.108076	  6.00
 0.0	0.00	  146.037910	    5.936883	  6.00	  146.037910	    5.936883	  6.00
 0.0	0.00	  204.627700	    8.442322	  6.00	  204.627700	    8.442322	  6.00
 0.1	0.01	  231.730720	    9.782654	  6.00	  231.730710	    9.782670	  6.00
 0.0	0.00	  129.138500	    5.178480	  6.00	  129.138500	    5.178480	  6.00
 0.0	0.00	  121.035490	    8.992288	  6.00	  121.035490	    8.992288	  6.00
 0.0	0.00	  234.472710	   14.029837	  6.00	  234.472710	   14.029837	  6.00
 0.0	0.00	  177.511390	   15.023189	  6.00	  177.511390	   15.023189	  6.00
 0.0	0.00	  169.839140	   14.075455	  6.00	  169.839140	   14.075455	  6.00
 0.0	0.00	  170.600090	   12.979564	  6.00	  170.600080	   12.979560	  6.00
 0.0	0.00	  164.716480	   14.130079	  6.00	  164.716480	   14.130080	  6.00
 0.0	0.00	  169.254380	   13.099644	  6.00	  169.254380	   13.099640	  6.00
 0.0	0.00	  220.114780	    5.531906	  6.00	  220.114780	    5.531910	  6.00
 0.0	0.00	  163.489870	    4.258948	  6.00	  163.489870	    4.258948	  6.00
 0.0	0.00	  161.724950	   13.779382	  6.00	  161.724950	   13.779380	  6.00
 0.0	0.00	  170.829490	   13.629783	  6.00	  170.829490	   13.629780	  6.00
 0.0	0.00	  217.389230	    4.170366	  6.00	  217.389230	    4.170370	  6.00
 0.0	0.00	  205.077400	    6.040959	  6.00	  205.077400	    6.040959	  6.00
 0.0	0.00	  161.672160	   12.327047	  6.00	  161.672160	   12.327050	  6.00
 0.0	0.00	  172.101150	    6.117855	  6.00	  172.101150	    6.117850	  6.00
 0.0	0.00	  163.081290	   11.043211	  6.00	  163.081290	   11.043210	  6.00
 0.7	0.08	  208.045190	    5.503632	  6.00	  208.045210	    5.503830	  6.00
 0.0	0.00	  215.185550	    8.626627	  6.00	  215.185550	    8.626630	  6.00
 0.0	0.00	  170.730660	   13.441287	  6.00	  170.730660	   13.441290	  6.00
 0.0	0.00	  121.663940	    7.909028	  6.00	  121.663940	    7.909028	  6.00
 0.0	0.00	  139.232100	   14.713848	  6.00	  139.232100	   14.713848	  6.00
 1.0	0.11	  197.277030	    5.243366	  6.00	  197.276960	    5.243110	  6.00
 0.0	0.00	  143.353530	   10.165538	  6.00	  143.353530	   10.165540	  6.00
24.8	2.93	  137.336820	   15.796496	  6.00	  137.343980	   15.796160	  6.00
 0.0	0.00	  137.336820	   15.796496	  6.00	  137.336820	   15.796496	  6.00
 0.0	0.00	  141.100770	   11.984680	  6.00	  141.100770	   11.984680	  6.00
 0.1	0.01	  176.317410	   13.872543	  6.00	  176.317420	   13.872560	  6.00
 0.6	0.07	  147.854980	    9.051633	  6.00	  147.855120	    9.051530	  6.00
 0.0	0.00	  143.494030	   10.157871	  6.00	  143.494030	   10.157870	  6.00
 0.1	0.01	  208.761270	    5.090312	  6.00	  208.761270	    5.090340	  6.00
 0.1	0.01	  177.056250	   12.655344	  6.00	  177.056250	   12.655330	  6.00
 0.0	0.00	  209.137830	    8.609234	  6.00	  209.137830	    8.609234	  6.00
 0.5	0.06	  136.302180	    5.868196	  6.00	  136.302080	    5.868110	  6.00
 0.0	0.00	  176.239750	   13.387487	  6.00	  176.239750	   13.387490	  6.00
 0.1	0.01	  141.294490	   11.533010	  6.00	  141.294500	   11.533000	  6.00
 0.0	0.00	  120.436350	   15.585960	  6.00	  120.436350	   15.585960	  6.00
 0.1	0.01	  143.255450	   10.329294	  6.00	  143.255450	   10.329280	  6.00
 0.3	0.03	  208.332650	    5.771647	  6.00	  208.332580	    5.771640	  6.00
 0.0	0.00	  173.596690	   15.667336	  6.00	  173.596690	   15.667340	  6.00
 0.0	0.00	  210.670910	    8.249791	  6.00	  210.670910	    8.249791	  6.00
 0.0	0.00	  218.844940	    5.276552	  6.00	  218.844940	    5.276550	  6.00
 0.0	0.00	  120.624100	    9.462021	  6.00	  120.624100	    9.462021	  6.00
 0.0	0.00	  150.264040	    4.619273	  6.00	  150.264030	    4.619270	  6.00
12.7	1.49	  237.256450	    5.189381	  6.00	  237.255230	    5.186080	  6.00
 0.0	0.00	  218.351400	    4.450463	  6.00	  218.351410	    4.450460	  6.00
 0.0	0.00	  119.777320	    9.854413	  6.00	  119.777320	    9.854413	  6.00
 0.0	0.00	  120.545610	    9.361615	  6.00	  120.545610	    9.361615	  6.00
 0.0	0.00	  120.319210	    9.264818	  6.00	  120.319210	    9.264820	  6.00
 0.0	0.00	  149.931220	   11.660747	  6.00	  149.931220	   11.660750	  6.00
 0.0	0.00	  146.703960	    9.736134	  6.00	  146.703960	    9.736130	  6.00
 0.0	0.00	  166.633770	   11.385419	  6.00	  166.633770	   11.385420	  6.00
 0.0	0.00	  120.657740	    9.500088	  6.00	  120.657740	    9.500090	  6.00
 0.0	0.00	  125.515040	    8.752611	  6.00	  125.515040	    8.752610	  6.00
 0.0	0.00	  126.107630	    4.247681	  6.00	  126.107630	    4.247680	  6.00
 0.0	0.00	  164.656540	    9.050449	  6.00	  164.656530	    9.050450	  6.00
 0.0	0.00	  212.247210	   14.758197	  6.00	  212.247210	   14.758197	  6.00
 0.0	0.00	  149.486240	   10.432454	  6.00	  149.486240	   10.432454	  6.00
 0.0	0.00	  120.152970	   15.684197	  6.00	  120.152970	   15.684200	  6.00
 0.0	0.00	  135.657120	   13.073259	  6.00	  135.657120	   13.073259	  6.00
 0.0	0.00	  245.716860	   11.371011	  6.00	  245.716860	   11.371011	  6.00
 0.0	0.00	  159.160170	   14.171103	  6.00	  159.160170	   14.171100	  6.00
 0.1	0.01	  146.514770	    4.403435	  6.00	  146.514760	    4.403450	  6.00
 0.3	0.04	  145.100380	   14.922633	  6.00	  145.100290	   14.922640	  6.00
 0.1	0.01	  209.308510	    4.307321	  6.00	  209.308500	    4.307310	  6.00
 0.0	0.00	  165.216400	   13.881329	  6.00	  165.216400	   13.881329	  6.00
